GasDate,FacilityName,FacilityId,FacilityType,Demand,Supply,TransferIn,TransferOut,HeldInStorage,CushionGasStorage,State,LocationName,LocationId,LastUpdated
2026/08/03,Adelaide Brighton,555091,BBLARGE,11.649,0.000,0.000,0.000,,,SA,Adelaide,550016,2026/09/01 13:00:01
2026/08/03,AGP,580010,PIPE,20.510,0.000,15.195,0.000,,,NT,Darwin,580001,2026/08/04 12:46:37
2026/08/03,AGP,580010,PIPE,6.709,32.205,0.266,17.586,,,NT,Regional - NT,590017,2026/08/04 12:46:37
2026/08/03,APLNG Pipeline,540093,PIPE,1302.274,0.000,0.000,0.000,,,QLD,Curtis Island,540030,2026/08/08 11:51:29
2026/08/03,APLNG Pipeline,540093,PIPE,0.000,1238.678,269.951,227.953,,,QLD,Regional - QLD,590001,2026/08/08 11:51:29
2026/08/03,Arcadia,540101,PROD,0.000,92.942,0.000,0.000,,,QLD,Regional - QLD,590001,2026/08/04 10:58:17
2026/08/03,ATGP,640013,PIPE,0.000,42.565,0.000,42.565,,,QLD,Regional - QLD,590001,2026/08/04 12:01:11
2026/08/03,ATHENA,535014,PROD,0.000,16.737,0.000,0.000,,,VIC,Iona Hub,530016,2026/08/08 10:12:08
2026/08/03,Atlas,544261,PROD,0.000,42.565,0.000,0.000,,,QLD,Regional - QLD,590001,2026/08/04 12:01:18
2026/08/03,Atlas East Central Processing Facility,640008,PROD,0.000,32.230,0.000,0.000,,,QLD,Regional - QLD,590001,2026/08/04 11:37:09
2026/08/03,Atlas to Reedy Creek Pipeline,640007,PIPE,0.000,32.229,0.000,32.000,,,QLD,Regional - QLD,590001,2026/08/04 12:46:37
2026/08/03,Australia Pacific LNG,544273,LNGEXPORT,1302.274,0.000,0.000,0.000,,,QLD,Curtis Island,540030,2026/08/04 12:15:25
2026/08/03,Australian Paper (Opal),535021,BBLARGE,12.877,0.000,0.000,0.000,,,VIC,Gippsland,590009,2026/08/04 11:00:06
2026/08/03,B1PL,540077,PIPE,0.032,40.966,0.000,40.125,,,QLD,Regional - QLD,590001,2026/08/04 11:01:06
2026/08/03,B2PL,540071,PIPE,4.491,54.967,4.906,56.655,,,QLD,Regional - QLD,590001,2026/08/04 12:30:15
2026/08/03,Bairnsdale Power Station,535020,BBGPG,0.000,0.000,0.000,0.000,,,VIC,Regional - VIC,590012,2026/08/04 11:01:08
2026/08/03,BCF,540047,COMPRESSOR,0.000,0.000,79.800,79.800,,,QLD,Regional - QLD,590001,2026/08/08 21:10:44
2026/08/03,Bell Bay CCGT,577016,BBGPG,27.001,0.000,0.000,0.000,,,TAS,Regional - TAS,590014,2026/08/05 12:01:00
2026/08/03,Bell Bay GGT,577014,BBGPG,0.000,0.000,0.000,0.000,,,TAS,Regional - TAS,590014,2026/08/05 12:01:00
2026/08/03,Bell Bay OCGT,577015,BBGPG,0.001,0.000,0.000,0.000,,,TAS,Regional - TAS,590014,2026/08/05 12:01:00
2026/08/03,Bellevue,540083,PROD,0.000,192.081,0.000,0.000,,,QLD,Regional - QLD,590001,2026/08/04 10:35:33
2026/08/03,BGP,580020,PIPE,0.287,0.000,0.000,0.000,,,NT,Regional - NT,590017,2026/08/04 12:46:37
2026/08/03,BlueScope,523204,BBLARGE,9.791,0.000,0.000,0.000,,,NSW,Sydney,520008,2026/08/04 12:01:05
2026/08/03,Bolivar,555008,BBGPG,0.000,0.000,0.000,0.000,,,SA,Regional - SA,590013,2026/08/04 12:06:47
2026/08/03,Bomaderry Gas Pipeline,523202,PIPE,22.402,0.000,22.165,0.000,,,NSW,Regional - NSW,590011,2026/08/04 13:47:04
2026/08/03,BPP,530030,PIPE,2.910,21.050,0.000,18.137,,,VIC,Gippsland,590009,2026/08/04 11:00:06
2026/08/03,Braemar 2 Power Station,544085,BBGPG,4.491,0.000,0.000,0.000,,,QLD,Regional - QLD,590001,2026/08/04 12:30:15
2026/08/03,Braemar Power Station,544252,BBGPG,0.032,0.000,0.000,0.000,,,QLD,Regional - QLD,590001,2026/08/04 11:01:06
2026/08/03,BWP,540096,PIPE,0.000,0.000,0.000,124.803,,,QLD,Wallumbilla Hub,540032,2026/08/04 12:46:37
2026/08/03,BWP,540096,PIPE,0.000,125.257,0.000,0.000,,,QLD,Regional - QLD,590001,2026/08/04 12:46:37
2026/08/03,CGP,540059,PIPE,0.000,0.000,79.787,0.000,,,QLD,Ballera,540078,2026/08/04 12:46:37
2026/08/03,CGP,540059,PIPE,67.803,0.000,0.000,0.000,,,QLD,Regional - QLD,590001,2026/08/04 12:46:37
2026/08/03,Channel Island Power Station,580231,BBGPG,20.510,0.000,0.000,0.000,,,NT,Darwin,580001,2026/08/04 12:46:37
2026/08/03,Colongra,523120,BBGPG,0.007,0.000,0.000,0.000,,,NSW,Regional - NSW,590011,2026/08/04 12:00:05
2026/08/03,ColongraGP,520090,PIPE,0.000,0.000,0.000,0.000,,,NSW,Sydney,520008,2026/08/04 12:00:05
2026/08/03,ColongraGP,520090,PIPE,0.007,0.000,0.000,0.000,,,NSW,Regional - NSW,590011,2026/08/04 12:00:05
2026/08/03,Combabula,540094,PROD,0.000,293.454,0.000,0.000,,,QLD,Regional - QLD,590001,2026/08/08 11:51:29
2026/08/03,Condabri Central,540080,PROD,0.000,129.798,0.000,0.000,,,QLD,Regional - QLD,590001,2026/08/08 11:51:29
2026/08/03,Condabri North,540090,PROD,0.000,73.364,0.000,0.000,,,QLD,Regional - QLD,590001,2026/08/08 11:51:29
2026/08/03,Condabri South,540086,PROD,0.000,157.057,0.000,0.000,,,QLD,Regional - QLD,590001,2026/08/08 11:51:29
2026/08/03,Condamine Power Station,544274,BBGPG,0.000,0.000,0.000,0.000,,,QLD,Regional - QLD,590001,2026/08/04 10:35:30
2026/08/03,CRWP,540098,PIPE,0.000,0.000,192.970,0.000,,,QLD,Wallumbilla Hub,540032,2026/08/04 10:58:05
2026/08/03,CRWP,540098,PIPE,0.000,236.257,39.500,475.380,,,QLD,Regional - QLD,590001,2026/08/04 10:58:05
2026/08/03,CWP,520054,PIPE,4.844,0.000,4.634,0.000,,,NSW,Regional - NSW,590011,2026/08/04 12:46:37
2026/08/03,Daandine,540050,PROD,0.000,54.967,0.000,0.000,,,QLD,Regional - QLD,590001,2026/08/04 12:30:15
2026/08/03,Dandenong LNG,530038,STOR,0.000,0.292,0.000,0.000,613.701,27.889,VIC,Melbourne,590008,2026/08/04 12:46:37
2026/08/03,DDP,540097,PIPE,0.000,0.000,0.000,199.479,,,QLD,Wallumbilla Hub,540032,2026/08/05 13:01:18
2026/08/03,DDP,540097,PIPE,13.153,345.536,128.327,269.952,,,QLD,Regional - QLD,590001,2026/08/05 13:01:18
2026/08/03,DDPS,544027,BBGPG,13.153,0.000,0.000,0.000,,,QLD,Regional - QLD,590001,2026/08/05 13:01:18
2026/08/03,Diamantina Power Station,544077,BBGPG,28.802,0.000,0.000,0.000,,,QLD,Regional - QLD,590001,2026/08/04 12:46:37
2026/08/03,Dry Creek Power Station,555026,BBGPG,0.000,0.000,0.000,0.000,,,SA,Regional - SA,590013,2026/08/04 11:31:05
2026/08/03,EGP,520047,PIPE,134.504,0.000,0.000,0.000,,,NSW,Sydney,520008,2026/08/04 12:01:05
2026/08/03,EGP,520047,PIPE,14.389,0.000,0.000,0.000,,,NSW,Canberra,520009,2026/08/04 12:01:05
2026/08/03,EGP,520047,PIPE,0.000,205.798,0.000,103.274,,,VIC,Longford Hub,530015,2026/08/04 12:01:05
2026/08/03,EGP,520047,PIPE,5.158,0.000,0.000,22.165,,,NSW,Regional - NSW,590011,2026/08/04 12:01:05
2026/08/03,EGP,520047,PIPE,1.053,73.906,0.000,0.000,,,VIC,Regional - VIC,590012,2026/08/04 12:01:05
2026/08/03,EO4PL,540055,PIPE,0.000,0.000,0.000,0.000,,,QLD,Regional - QLD,590001,2026/08/04 10:35:33
2026/08/03,Eurombah Creek,540089,PROD,0.000,158.018,0.000,0.000,,,QLD,Regional - QLD,590001,2026/08/08 11:51:29
2026/08/03,Fairview,540070,PROD,0.000,281.942,0.000,0.000,,,QLD,Regional - QLD,590001,2026/08/04 10:58:17
2026/08/03,GLNG (Curtis Island),544276,LNGEXPORT,907.704,0.000,0.000,0.000,,,QLD,Curtis Island,540030,2026/08/04 10:58:05
2026/08/03,GLNG Pipeline,540092,PIPE,907.704,0.000,0.000,0.000,,,QLD,Curtis Island,540030,2026/08/04 10:58:05
2026/08/03,GLNG Pipeline,540092,PIPE,0.000,415.432,481.440,0.152,,,QLD,Regional - QLD,590001,2026/08/04 10:35:33
2026/08/03,Hallett,555029,BBGPG,0.000,0.000,0.000,0.000,,,SA,Regional - SA,590013,2026/08/04 11:31:05
2026/08/03,Hunter Power Station,523210,BBGPG,0.004,0.000,0.000,0.000,,,NSW,Sydney,520008,2026/08/04 12:46:37
2026/08/03,ICF,530071,COMPRESSOR,0.000,0.000,11.000,11.000,,,VIC,Iona Hub,530016,2026/08/04 08:35:03
2026/08/03,Iona UGS,530042,STOR,25.763,94.428,0.000,0.000,14990.862,0.000,VIC,Iona Hub,530016,2026/08/04 08:30:02
2026/08/03,Jeerelang,533161,BBGPG,0.000,0.000,0.000,0.000,,,VIC,Gippsland,590009,2026/08/04 11:00:06
2026/08/03,Jordan,540088,PROD,0.000,251.747,0.000,0.000,,,QLD,Regional - QLD,590001,2026/08/04 10:35:33
2026/08/03,Katherine Power Station,580233,BBGPG,0.000,0.000,0.000,0.000,,,NT,Regional - NT,590017,2026/08/04 12:46:37
2026/08/03,Kenya,540075,PROD,0.000,130.661,0.000,0.000,,,QLD,Regional - QLD,590001,2026/08/04 10:35:33
2026/08/03,Kincora,544253,PROD,0.000,0.000,0.000,0.000,,,QLD,Regional - QLD,590001,2026/08/04 12:46:37
2026/08/03,KKLP,523209,PIPE,0.004,0.000,0.000,0.000,,,NSW,Sydney,520008,2026/08/04 12:46:37
2026/08/03,Kogan North,540061,PROD,0.000,4.168,0.000,0.000,,,QLD,Regional - QLD,590001,2026/08/04 12:46:37
2026/08/03,Ladbroke Grove PS,555086,BBGPG,3.113,0.000,0.000,0.000,,,SA,Regional - SA,590013,2026/08/04 12:46:37
2026/08/03,Lang Lang,530039,PROD,0.000,21.050,0.000,0.000,,,VIC,Gippsland,590009,2026/08/04 10:03:45
2026/08/03,Laverton,533201,BBGPG,0.000,0.000,0.000,0.000,,,VIC,Geelong,590005,2026/08/04 11:00:06
2026/08/03,Longford,530040,PROD,0.000,653.166,0.000,0.000,,,VIC,Longford Hub,530015,2026/08/04 07:51:59
2026/08/03,Loy Yang B,533163,BBGPG,0.000,0.000,0.000,0.000,,,VIC,Gippsland,590009,2026/08/04 11:01:11
2026/08/03,LYB Transmission Pipeline,535023,PIPE,0.000,0.000,0.000,0.000,,,VIC,Gippsland,590009,2026/08/04 11:01:11
2026/08/03,MAPS,550054,PIPE,40.849,0.000,0.000,0.000,,,SA,Adelaide,550016,2026/08/04 11:31:05
2026/08/03,MAPS,550054,PIPE,0.000,38.395,139.970,0.000,,,SA,Moomba Hub,550017,2026/08/04 11:31:05
2026/08/03,MAPS,550054,PIPE,113.348,0.000,0.000,0.000,,,SA,Regional - SA,590013,2026/08/04 11:31:05
2026/08/03,McArthur River Mine,580220,BBGPG,8.358,0.000,0.000,0.000,,,NT,Regional - NT,590017,2026/08/04 08:36:18
2026/08/03,MCF,550050,COMPRESSOR,0.000,0.000,0.000,0.000,,,SA,Moomba Hub,550017,2026/08/04 12:46:37
2026/08/03,Mereenie,580040,PROD,0.000,26.480,0.000,0.000,,,NT,Regional - NT,590017,2026/08/04 11:52:01
2026/08/03,Meridian,540064,PROD,0.000,43.798,0.000,0.000,,,QLD,Regional - QLD,590001,2026/08/04 09:39:06
2026/08/03,Mintaro Power Station,555031,BBGPG,0.000,0.000,0.000,0.000,,,SA,Regional - SA,590013,2026/08/04 11:31:05
2026/08/03,Moomba,550045,PROD,0.000,218.400,0.000,0.000,,,SA,Moomba Hub,550017,2026/08/08 21:10:44
2026/08/03,Moomba Storage,550046,STOR,0.000,0.900,0.000,0.000,6307.500,0.000,SA,Moomba Hub,550017,2026/08/08 21:10:44
2026/08/03,Mortlake PS,530063,BBGPG,0.000,0.000,0.000,0.000,,,VIC,Regional - VIC,590012,2026/08/04 07:20:00
2026/08/03,MPL,530061,PIPE,0.000,0.000,0.000,0.000,,,VIC,Iona Hub,530016,2026/08/04 07:20:00
2026/08/03,MPL,530061,PIPE,0.000,0.000,0.000,0.000,,,VIC,Regional - VIC,590012,2026/08/04 07:20:00
2026/08/03,MRP,580100,PIPE,8.358,0.000,8.359,0.000,,,NT,Regional - NT,590017,2026/08/04 08:36:18
2026/08/03,MSP,520053,PIPE,134.004,0.000,0.000,0.000,,,NSW,Sydney,520008,2026/08/04 12:46:37
2026/08/03,MSP,520053,PIPE,0.000,0.000,150.477,2.700,,,SA,Moomba Hub,550017,2026/08/04 12:46:37
2026/08/03,MSP,520053,PIPE,40.211,0.000,0.000,4.634,,,NSW,Regional - NSW,590011,2026/08/04 12:46:37
2026/08/03,MSP,520053,PIPE,19.228,0.000,0.000,0.000,,,NSW,Regional - ACT,590015,2026/08/04 12:46:37
2026/08/03,MSP,520053,PIPE,0.000,0.000,28.130,4.576,,,NSW,Culcairn,590016,2026/08/04 12:46:37
2026/08/03,Newport,533171,BBGPG,0.002,0.000,0.000,0.000,,,VIC,Melbourne,590008,2026/08/04 11:00:06
2026/08/03,NGP,580050,PIPE,0.000,0.000,0.047,0.000,,,QLD,Regional - QLD,590001,2026/08/04 12:01:16
2026/08/03,NGP,580050,PIPE,0.000,0.000,0.000,0.000,,,NT,Regional - NT,590017,2026/08/04 12:01:16
2026/08/03,NGS,520060,STOR,0.160,0.771,0.000,0.000,682.372,76.810,NSW,Sydney,520008,2026/08/04 08:30:09
2026/08/03,Oakey PS,544095,BBGPG,0.000,0.000,0.000,0.000,,,QLD,Regional - QLD,590001,2026/08/04 12:46:37
2026/08/03,Orana,540084,PROD,0.000,170.435,0.000,0.000,,,QLD,Regional - QLD,590001,2026/08/08 11:51:29
2026/08/03,Orbost,530041,PROD,0.000,73.906,0.000,0.000,,,VIC,Regional - VIC,590012,2026/08/04 12:01:05
2026/08/03,Orica,544011,BBLARGE,7.893,0.000,0.000,0.000,,,QLD,Regional - QLD,590001,2026/08/04 12:01:07
2026/08/03,Orica (Kooragang Island),523206,BBLARGE,39.091,0.000,0.000,0.000,,,NSW,Sydney,520008,2026/08/04 13:00:00
2026/08/03,Osborne,555033,BBGPG,18.611,0.000,0.000,0.000,,,SA,Regional - SA,590013,2026/08/04 11:31:05
2026/08/03,Otway,530044,PROD,0.000,156.380,0.000,0.000,,,VIC,Iona Hub,530016,2026/08/04 14:54:51
2026/08/03,Owen Springs Power Station,580235,BBGPG,0.848,0.000,0.000,0.000,,,NT,Regional - NT,590017,2026/08/04 06:41:27
2026/08/03,Palm Valley,580060,PROD,0.000,5.725,0.000,0.000,,,NT,Regional - NT,590017,2026/08/04 11:52:01
2026/08/03,PCA,550052,PIPE,0.000,16.633,50.993,1.665,,,VIC,Iona Hub,530016,2026/08/04 07:20:01
2026/08/03,PCA,550052,PIPE,28.113,0.000,0.000,0.000,,,SA,Adelaide,550016,2026/08/04 07:20:01
2026/08/03,PCA,550052,PIPE,0.000,0.000,0.000,10.977,,,VIC,Regional - VIC,590012,2026/08/04 07:20:01
2026/08/03,PCA,550052,PIPE,4.654,0.000,0.000,0.000,,,SA,Regional - SA,590013,2026/08/04 07:20:01
2026/08/03,PCI,530060,PIPE,0.000,167.486,1.665,169.151,,,VIC,Iona Hub,530016,2026/08/04 07:20:01
2026/08/03,Peat,540065,PROD,0.000,10.038,0.000,0.000,,,QLD,Regional - QLD,590001,2026/08/08 11:51:29
2026/08/03,Pelican Point Power Station,555089,BBGPG,23.014,0.000,0.000,0.000,,,SA,Regional - SA,590013,2026/08/04 07:20:01
2026/08/03,Phosphate Hill,544081,BBLARGE,28.096,0.000,0.000,0.000,,,QLD,Regional - QLD,590001,2026/08/04 12:46:37
2026/08/03,Pipeline Compression Station,544279,COMPRESSOR,0.000,0.000,0.000,0.000,,,QLD,Regional - QLD,590001,2026/08/04 10:58:05
2026/08/03,PVP,580070,PIPE,1.331,0.000,1.327,0.000,,,NT,Regional - NT,590017,2026/08/04 06:41:27
2026/08/03,QCLNG LNG Plant,544272,LNGEXPORT,1492.434,0.000,0.000,0.000,,,QLD,Curtis Island,540030,2026/08/04 10:35:33
2026/08/03,QGP,540058,PIPE,0.000,0.000,24.854,0.000,,,QLD,Wallumbilla Hub,540032,2026/08/04 12:01:07
2026/08/03,QGP,540058,PIPE,122.566,23.201,71.883,0.000,,,QLD,Regional - QLD,590001,2026/08/04 12:01:07
2026/08/03,Quarantine Power Station,555087,BBGPG,3.952,0.000,0.000,0.000,,,SA,Regional - SA,590013,2026/08/04 11:31:05
2026/08/03,Queensland Aluminia,544012,BBLARGE,29.800,0.000,0.000,0.000,,,QLD,Regional - QLD,590001,2026/08/04 12:01:07
2026/08/03,RBP,540057,PIPE,0.000,0.000,0.000,60.300,,,QLD,Wallumbilla Hub,540032,2026/08/04 12:46:37
2026/08/03,RBP,540057,PIPE,4.125,82.731,46.425,4.906,,,QLD,Regional - QLD,590001,2026/08/04 12:46:37
2026/08/03,RBP,540057,PIPE,57.788,0.000,0.000,0.000,,,QLD,Brisbane,590002,2026/08/04 12:46:37
2026/08/03,RCWP,540102,PIPE,0.000,0.000,0.000,96.453,,,QLD,Wallumbilla Hub,540032,2026/08/04 12:46:37
2026/08/03,RCWP,540102,PIPE,0.000,0.000,96.333,0.000,,,QLD,Regional - QLD,590001,2026/08/04 12:46:37
2026/08/03,Reedy Creek,540085,PROD,0.000,200.569,0.000,0.000,,,QLD,Regional - QLD,590001,2026/08/08 11:51:29
2026/08/03,RMNGPF,640011,PROD,0.000,16.600,0.000,0.000,,,QLD,Regional - QLD,590001,2026/08/04 11:37:57
2026/08/03,RNMGP,640012,PIPE,0.000,16.600,0.000,16.600,,,QLD,Regional - QLD,590001,2026/08/04 11:37:57
2026/08/03,RNP,640009,PIPE,0.000,22.900,0.000,22.900,,,QLD,Regional - QLD,590001,2026/08/04 12:01:08
2026/08/03,Rolleston,540073,PROD,0.000,8.371,0.000,0.000,,,QLD,Regional - QLD,590001,2026/08/04 12:01:07
2026/08/03,Roma,540095,PROD,0.000,236.257,0.000,0.000,,,QLD,Regional - QLD,590001,2026/08/04 10:58:22
2026/08/03,Roma North,544260,PROD,0.000,22.900,0.000,0.000,,,QLD,Regional - QLD,590001,2026/08/04 12:01:17
2026/08/03,Roma Power Station,540120,BBGPG,0.000,0.000,0.000,0.000,,,QLD,Regional - QLD,590001,2026/08/04 12:29:57
2026/08/03,Ron Goodin Power Station,580234,BBGPG,0.000,0.000,0.000,0.000,,,NT,Regional - NT,590017,2026/08/04 06:41:27
2026/08/03,RPL,540110,PIPE,0.059,0.000,0.000,0.000,,,QLD,Regional - QLD,590001,2026/08/04 12:29:57
2026/08/03,Ruby Jo,540082,PROD,0.000,427.531,0.000,0.000,,,QLD,Regional - QLD,590001,2026/08/04 10:35:33
2026/08/03,RUGS,540040,STOR,0.000,3.413,0.000,0.000,15168.301,0.000,QLD,Regional - QLD,590001,2026/08/04 10:58:22
2026/08/03,Scotia,540072,PROD,0.000,102.909,0.000,0.000,,,QLD,Regional - QLD,590001,2026/08/04 10:58:22
2026/08/03,SEPS,550061,PIPE,7.409,0.000,7.663,0.000,,,SA,Regional - SA,590013,2026/08/04 11:32:05
2026/08/03,SESA,550060,PIPE,0.000,0.000,10.975,0.000,,,VIC,Regional - VIC,590012,2026/08/04 12:46:37
2026/08/03,SESA,550060,PIPE,3.113,0.000,0.000,7.671,,,SA,Regional - SA,590013,2026/08/04 12:46:37
2026/08/03,Shoalhaven Starches Cogeneration Plant,523203,BBLARGE,22.165,0.000,0.000,0.000,,,NSW,Regional - NSW,590011,2026/08/04 13:47:04
2026/08/03,Smithfield Energy Facility,522004,BBGPG,0.000,0.000,0.000,0.000,,,NSW,Regional - NSW,590011,2026/08/04 12:06:53
2026/08/03,Snapper Point,555090,BBGPG,0.000,0.000,0.000,0.000,,,SA,Regional - SA,590013,2026/08/04 11:31:05
2026/08/03,Somerton,533174,BBGPG,0.000,0.000,0.000,0.000,,,VIC,Melbourne,590008,2026/08/04 11:00:06
2026/08/03,Spring Gully,540066,PROD,0.000,0.000,0.000,0.000,,,QLD,Regional - QLD,590001,2026/08/08 11:51:29
2026/08/03,SSP,540103,PIPE,0.000,7.760,0.000,7.760,,,QLD,Regional - QLD,590001,2026/08/04 10:22:16
2026/08/03,SSSF,540062,STOR,0.000,6.300,0.000,0.000,8653.632,0.000,QLD,Regional - QLD,590001,2026/08/04 10:22:16
2026/08/03,Strathblane,540067,PROD,0.000,63.416,0.000,0.000,,,QLD,Regional - QLD,590001,2026/08/08 11:51:29
2026/08/03,Swanbank Power Station,544104,BBGPG,0.000,0.000,0.000,0.000,,,QLD,Brisbane,590002,2026/08/04 12:46:37
2026/08/03,SWQP,540060,PIPE,0.000,0.000,481.035,217.824,,,QLD,Wallumbilla Hub,540032,2026/08/04 12:46:37
2026/08/03,SWQP,540060,PIPE,0.000,0.000,0.000,84.783,,,QLD,Ballera,540078,2026/08/04 12:46:37
2026/08/03,SWQP,540060,PIPE,0.000,179.959,0.000,290.447,,,SA,Moomba Hub,550017,2026/08/04 12:46:37
2026/08/03,SWQP,540060,PIPE,0.116,0.000,0.000,0.000,,,QLD,Regional - QLD,590001,2026/08/04 12:46:37
2026/08/03,Talinga,540076,PROD,0.000,87.387,0.000,0.000,,,QLD,Regional - QLD,590001,2026/08/08 11:51:29
2026/08/03,Tallawarra,522002,BBGPG,0.000,0.000,0.000,0.000,,,NSW,Regional - NSW,590011,2026/08/04 11:00:10
2026/08/03,Tallawarra Pipeline,523201,PIPE,0.000,0.000,0.000,0.000,,,NSW,Regional - NSW,590011,2026/08/04 11:00:10
2026/08/03,Taloona,540068,PROD,0.000,50.782,0.000,0.000,,,QLD,Regional - QLD,590001,2026/08/08 11:51:29
2026/08/03,Tanami GP,580210,PIPE,7.806,0.000,7.900,0.000,,,NT,Regional - NT,590017,2026/08/04 12:02:00
2026/08/03,TGP,570050,PIPE,0.000,0.000,80.451,34.594,,,VIC,Longford Hub,530015,2026/08/05 12:01:00
2026/08/03,TGP,570050,PIPE,44.972,0.000,0.000,0.000,,,TAS,Regional - TAS,590014,2026/08/05 12:01:00
2026/08/03,Tipton,540051,PROD,0.000,40.966,0.000,0.000,,,QLD,Regional - QLD,590001,2026/08/04 12:30:15
2026/08/03,Torrens Island PS,555041,BBGPG,48.222,0.000,0.000,0.000,,,SA,Regional - SA,590013,2026/08/04 11:31:05
2026/08/03,Uranquinty Power Station,522047,BBGPG,0.000,0.000,0.000,0.000,,,NSW,Regional - NSW,590011,2026/08/04 12:46:37
2026/08/03,Valley Power GPG,535024,BBGPG,0.000,0.000,0.000,0.000,,,VIC,Gippsland,590009,2026/08/04 11:01:11
2026/08/03,VicHub,532005,PIPE,0.000,0.000,22.785,22.785,,,VIC,Longford Hub,530015,2026/08/04 12:01:19
2026/08/03,Viva Energy Refinery,535018,BBLARGE,9.006,0.000,0.000,0.000,,,VIC,Geelong,590005,2026/08/04 07:30:12
2026/08/03,VTS,530110,PIPE,0.000,445.505,57.395,0.000,,,VIC,Longford Hub,530015,2026/08/04 11:00:06
2026/08/03,VTS,530110,PIPE,0.000,57.771,118.160,0.000,,,VIC,Iona Hub,530016,2026/08/04 11:00:06
2026/08/03,VTS,530110,PIPE,14.389,0.000,0.000,0.000,,,VIC,Western,590004,2026/08/04 11:00:06
2026/08/03,VTS,530110,PIPE,69.223,0.000,0.000,0.000,,,VIC,Geelong,590005,2026/08/04 11:00:06
2026/08/03,VTS,530110,PIPE,47.218,0.000,0.000,0.000,,,VIC,Ballarat,590006,2026/08/04 11:00:06
2026/08/03,VTS,530110,PIPE,72.790,0.000,0.000,0.000,,,VIC,Northern,590007,2026/08/04 11:00:06
2026/08/03,VTS,530110,PIPE,421.168,0.217,0.000,0.000,,,VIC,Melbourne,590008,2026/08/04 11:00:06
2026/08/03,VTS,530110,PIPE,45.617,0.000,18.137,0.047,,,VIC,Gippsland,590009,2026/08/04 11:00:06
2026/08/03,VTS,530110,PIPE,0.000,0.000,4.576,28.129,,,NSW,Culcairn,590016,2026/08/04 11:00:06
2026/08/03,Wallumbilla Compression Station,544280,COMPRESSOR,0.000,0.000,0.000,0.000,,,QLD,Wallumbilla Hub,540032,2026/08/04 10:58:05
2026/08/03,WCFA,540045,COMPRESSOR,0.000,0.000,337.629,337.629,,,QLD,Wallumbilla Hub,540032,2026/08/04 12:46:37
2026/08/03,WCFB,540046,COMPRESSOR,0.000,0.000,137.105,137.105,,,QLD,Wallumbilla Hub,540032,2026/08/04 12:46:37
2026/08/03,Weddell Power Station,580232,BBGPG,9.426,0.000,0.000,0.000,,,NT,Darwin,580001,2026/08/04 12:46:37
2026/08/03,WGP,540091,PIPE,1492.434,0.000,0.000,0.000,,,QLD,Curtis Island,540030,2026/08/04 10:35:33
2026/08/03,WGP,540091,PIPE,0.000,1470.031,56.655,0.000,,,QLD,Regional - QLD,590001,2026/08/04 10:35:33
2026/08/03,Whyalla Steelworks,555085,BBLARGE,4.513,0.000,0.000,0.000,,,SA,Regional - SA,590013,2026/08/04 11:31:05
2026/08/03,Windibri,540069,PROD,0.000,115.924,0.000,0.000,,,QLD,Regional - QLD,590001,2026/08/04 10:35:33
2026/08/03,Woleebee Creek,540087,PROD,0.000,644.274,0.000,0.000,,,QLD,Regional - QLD,590001,2026/08/04 10:35:33
2026/08/03,WPP,580030,PIPE,9.426,24.573,0.000,15.195,,,NT,Darwin,580001,2026/08/04 12:46:37
2026/08/03,Yarwun,544282,BBGPG,67.873,0.000,0.000,0.000,,,QLD,Regional - QLD,590001,2026/08/04 12:01:07
2026/08/03,Yelcherr,580180,PROD,0.000,0.000,0.000,0.000,,,NT,Regional - NT,590017,2026/08/04 12:46:37
2026/08/03,Yellowbank,540074,PROD,0.000,11.580,0.000,0.000,,,QLD,Regional - QLD,590001,2026/08/04 12:01:07
2026/08/04,Adelaide Brighton,555091,BBLARGE,8.352,0.000,0.000,0.000,,,SA,Adelaide,550016,2026/09/01 13:00:01
2026/08/04,AGP,580010,PIPE,21.266,0.000,14.250,0.000,,,NT,Darwin,580001,2026/08/05 12:46:38
2026/08/04,AGP,580010,PIPE,6.604,32.075,0.259,17.714,,,NT,Regional - NT,590017,2026/08/05 12:46:38
2026/08/04,APLNG Pipeline,540093,PIPE,1301.974,0.000,0.000,0.000,,,QLD,Curtis Island,540030,2026/08/09 11:50:36
2026/08/04,APLNG Pipeline,540093,PIPE,0.000,1245.720,267.989,227.992,,,QLD,Regional - QLD,590001,2026/08/09 11:50:36
2026/08/04,Arcadia,540101,PROD,0.000,92.921,0.000,0.000,,,QLD,Regional - QLD,590001,2026/08/05 11:13:17
2026/08/04,ATGP,640013,PIPE,0.000,41.251,0.000,41.251,,,QLD,Regional - QLD,590001,2026/08/05 12:01:10
2026/08/04,ATHENA,535014,PROD,0.000,16.744,0.000,0.000,,,VIC,Iona Hub,530016,2026/08/09 09:29:21
2026/08/04,Atlas,544261,PROD,0.000,41.251,0.000,0.000,,,QLD,Regional - QLD,590001,2026/08/05 12:01:34
2026/08/04,Atlas East Central Processing Facility,640008,PROD,0.000,32.880,0.000,0.000,,,QLD,Regional - QLD,590001,2026/08/05 10:43:22
2026/08/04,Atlas to Reedy Creek Pipeline,640007,PIPE,0.000,32.875,0.000,33.202,,,QLD,Regional - QLD,590001,2026/08/05 12:46:38
2026/08/04,Australia Pacific LNG,544273,LNGEXPORT,1301.974,0.000,0.000,0.000,,,QLD,Curtis Island,540030,2026/08/05 12:00:25
2026/08/04,Australian Paper (Opal),535021,BBLARGE,12.721,0.000,0.000,0.000,,,VIC,Gippsland,590009,2026/08/05 11:00:02
2026/08/04,B1PL,540077,PIPE,0.033,40.159,0.000,44.136,,,QLD,Regional - QLD,590001,2026/08/05 11:00:55
2026/08/04,B2PL,540071,PIPE,12.112,10.683,0.000,23.111,,,QLD,Regional - QLD,590001,2026/08/05 12:30:14
2026/08/04,Bairnsdale Power Station,535020,BBGPG,0.000,0.000,0.000,0.000,,,VIC,Regional - VIC,590012,2026/08/05 11:00:52
2026/08/04,BCF,540047,COMPRESSOR,0.000,0.000,73.000,73.000,,,QLD,Regional - QLD,590001,2026/08/09 21:02:49
2026/08/04,Bell Bay CCGT,577016,BBGPG,35.411,0.000,0.000,0.000,,,TAS,Regional - TAS,590014,2026/08/06 12:01:00
2026/08/04,Bell Bay GGT,577014,BBGPG,0.000,0.000,0.000,0.000,,,TAS,Regional - TAS,590014,2026/08/06 12:01:00
2026/08/04,Bell Bay OCGT,577015,BBGPG,0.000,0.000,0.000,0.000,,,TAS,Regional - TAS,590014,2026/08/06 12:01:00
2026/08/04,Bellevue,540083,PROD,0.000,142.299,0.000,0.000,,,QLD,Regional - QLD,590001,2026/08/05 10:36:14
2026/08/04,BGP,580020,PIPE,0.291,0.000,0.000,0.000,,,NT,Regional - NT,590017,2026/08/05 12:46:38
2026/08/04,BlueScope,523204,BBLARGE,12.998,0.000,0.000,0.000,,,NSW,Sydney,520008,2026/08/05 12:01:05
2026/08/04,Bolivar,555008,BBGPG,0.000,0.000,0.000,0.000,,,SA,Regional - SA,590013,2026/08/05 12:06:59
2026/08/04,Bomaderry Gas Pipeline,523202,PIPE,22.118,0.000,22.118,0.000,,,NSW,Regional - NSW,590011,2026/08/05 12:26:14
2026/08/04,BPP,530030,PIPE,2.540,20.170,0.000,17.629,,,VIC,Gippsland,590009,2026/08/05 11:00:02
2026/08/04,Braemar 2 Power Station,544085,BBGPG,12.112,0.000,0.000,0.000,,,QLD,Regional - QLD,590001,2026/08/05 12:30:14
2026/08/04,Braemar Power Station,544252,BBGPG,0.033,0.000,0.000,0.000,,,QLD,Regional - QLD,590001,2026/08/05 11:00:55
2026/08/04,BWP,540096,PIPE,0.000,0.000,0.000,106.010,,,QLD,Wallumbilla Hub,540032,2026/08/05 12:46:38
2026/08/04,BWP,540096,PIPE,0.000,103.840,0.000,0.000,,,QLD,Regional - QLD,590001,2026/08/05 12:46:38
2026/08/04,CGP,540059,PIPE,0.000,0.000,73.038,0.000,,,QLD,Ballera,540078,2026/08/05 12:46:38
2026/08/04,CGP,540059,PIPE,68.172,0.000,0.000,0.000,,,QLD,Regional - QLD,590001,2026/08/05 12:46:38
2026/08/04,Channel Island Power Station,580231,BBGPG,21.266,0.000,0.000,0.000,,,NT,Darwin,580001,2026/08/05 12:46:38
2026/08/04,Colongra,523120,BBGPG,0.000,0.000,0.000,0.000,,,NSW,Regional - NSW,590011,2026/08/05 12:00:05
2026/08/04,ColongraGP,520090,PIPE,0.000,0.000,0.000,0.000,,,NSW,Sydney,520008,2026/08/05 12:00:05
2026/08/04,ColongraGP,520090,PIPE,0.000,0.000,0.000,0.000,,,NSW,Regional - NSW,590011,2026/08/05 12:00:05
2026/08/04,Combabula,540094,PROD,0.000,293.436,0.000,0.000,,,QLD,Regional - QLD,590001,2026/08/09 11:50:36
2026/08/04,Condabri Central,540080,PROD,0.000,133.954,0.000,0.000,,,QLD,Regional - QLD,590001,2026/08/09 11:50:36
2026/08/04,Condabri North,540090,PROD,0.000,77.655,0.000,0.000,,,QLD,Regional - QLD,590001,2026/08/09 11:50:36
2026/08/04,Condabri South,540086,PROD,0.000,157.343,0.000,0.000,,,QLD,Regional - QLD,590001,2026/08/09 11:50:36
2026/08/04,Condamine Power Station,544274,BBGPG,0.002,0.000,0.000,0.000,,,QLD,Regional - QLD,590001,2026/08/05 10:36:21
2026/08/04,CRWP,540098,PIPE,0.000,0.000,194.394,0.000,,,QLD,Wallumbilla Hub,540032,2026/08/05 11:13:05
2026/08/04,CRWP,540098,PIPE,0.000,234.969,39.190,469.291,,,QLD,Regional - QLD,590001,2026/08/05 11:13:05
2026/08/04,CWP,520054,PIPE,5.160,0.000,4.445,0.000,,,NSW,Regional - NSW,590011,2026/08/05 12:46:38
2026/08/04,Daandine,540050,PROD,0.000,33.776,0.000,0.000,,,QLD,Regional - QLD,590001,2026/08/05 12:30:14
2026/08/04,Dandenong LNG,530038,STOR,0.000,0.291,0.000,0.000,613.622,27.889,VIC,Melbourne,590008,2026/08/05 12:46:38
2026/08/04,DDP,540097,PIPE,0.000,0.000,0.000,210.487,,,QLD,Wallumbilla Hub,540032,2026/08/05 13:01:19
2026/08/04,DDP,540097,PIPE,0.004,345.155,130.760,267.989,,,QLD,Regional - QLD,590001,2026/08/05 13:01:19
2026/08/04,DDPS,544027,BBGPG,0.004,0.000,0.000,0.000,,,QLD,Regional - QLD,590001,2026/08/05 13:01:19
2026/08/04,Diamantina Power Station,544077,BBGPG,30.774,0.000,0.000,0.000,,,QLD,Regional - QLD,590001,2026/08/05 12:46:38
2026/08/04,Dry Creek Power Station,555026,BBGPG,0.000,0.000,0.000,0.000,,,SA,Regional - SA,590013,2026/08/05 11:31:05
2026/08/04,EGP,520047,PIPE,130.746,0.000,0.000,0.000,,,NSW,Sydney,520008,2026/08/05 12:01:05
2026/08/04,EGP,520047,PIPE,16.529,0.000,0.000,0.000,,,NSW,Canberra,520009,2026/08/05 12:01:05
2026/08/04,EGP,520047,PIPE,0.000,224.457,0.000,141.573,,,VIC,Longford Hub,530015,2026/08/05 12:01:05
2026/08/04,EGP,520047,PIPE,5.547,0.000,0.000,22.118,,,NSW,Regional - NSW,590011,2026/08/05 12:01:05
2026/08/04,EGP,520047,PIPE,1.181,73.133,0.000,0.000,,,VIC,Regional - VIC,590012,2026/08/05 12:01:05
2026/08/04,EO4PL,540055,PIPE,0.000,0.000,0.000,0.000,,,QLD,Regional - QLD,590001,2026/08/05 10:36:14
2026/08/04,Eurombah Creek,540089,PROD,0.000,156.532,0.000,0.000,,,QLD,Regional - QLD,590001,2026/08/09 11:50:36
2026/08/04,Fairview,540070,PROD,0.000,284.983,0.000,0.000,,,QLD,Regional - QLD,590001,2026/08/05 11:13:17
2026/08/04,GLNG (Curtis Island),544276,LNGEXPORT,894.476,0.000,0.000,0.000,,,QLD,Curtis Island,540030,2026/08/05 11:13:05
2026/08/04,GLNG Pipeline,540092,PIPE,894.476,0.000,0.000,0.000,,,QLD,Curtis Island,540030,2026/08/05 11:13:05
2026/08/04,GLNG Pipeline,540092,PIPE,0.000,421.017,475.536,0.504,,,QLD,Regional - QLD,590001,2026/08/05 10:36:14
2026/08/04,Hallett,555029,BBGPG,0.000,0.000,0.000,0.000,,,SA,Regional - SA,590013,2026/08/05 11:31:05
2026/08/04,Hunter Power Station,523210,BBGPG,0.009,0.000,0.000,0.000,,,NSW,Sydney,520008,2026/08/05 12:46:38
2026/08/04,ICF,530071,COMPRESSOR,0.000,0.000,11.500,11.500,,,VIC,Iona Hub,530016,2026/08/05 08:35:03
2026/08/04,Iona UGS,530042,STOR,24.760,189.086,0.000,0.000,14826.536,0.000,VIC,Iona Hub,530016,2026/08/05 08:30:02
2026/08/04,Jeerelang,533161,BBGPG,0.000,0.000,0.000,0.000,,,VIC,Gippsland,590009,2026/08/05 11:00:02
2026/08/04,Jordan,540088,PROD,0.000,304.401,0.000,0.000,,,QLD,Regional - QLD,590001,2026/08/05 10:36:14
2026/08/04,Katherine Power Station,580233,BBGPG,0.006,0.000,0.000,0.000,,,NT,Regional - NT,590017,2026/08/05 12:46:38
2026/08/04,Kenya,540075,PROD,0.000,134.733,0.000,0.000,,,QLD,Regional - QLD,590001,2026/08/05 10:36:14
2026/08/04,Kincora,544253,PROD,0.000,0.000,0.000,0.000,,,QLD,Regional - QLD,590001,2026/08/05 12:46:38
2026/08/04,KKLP,523209,PIPE,0.009,0.000,0.000,0.000,,,NSW,Sydney,520008,2026/08/05 12:46:38
2026/08/04,Kogan North,540061,PROD,0.000,4.160,0.000,0.000,,,QLD,Regional - QLD,590001,2026/08/05 12:46:38
2026/08/04,Ladbroke Grove PS,555086,BBGPG,8.304,0.000,0.000,0.000,,,SA,Regional - SA,590013,2026/08/05 12:46:38
2026/08/04,Lang Lang,530039,PROD,0.000,20.170,0.000,0.000,,,VIC,Gippsland,590009,2026/08/05 08:34:37
2026/08/04,Laverton,533201,BBGPG,0.024,0.000,0.000,0.000,,,VIC,Geelong,590005,2026/08/05 11:00:02
2026/08/04,Longford,530040,PROD,0.000,652.652,0.000,0.000,,,VIC,Longford Hub,530015,2026/08/05 09:27:55
2026/08/04,Loy Yang B,533163,BBGPG,0.000,0.000,0.000,0.000,,,VIC,Gippsland,590009,2026/08/05 11:00:50
2026/08/04,LYB Transmission Pipeline,535023,PIPE,0.008,0.000,0.000,0.000,,,VIC,Gippsland,590009,2026/08/05 11:00:50
2026/08/04,MAPS,550054,PIPE,45.402,0.000,0.000,0.000,,,SA,Adelaide,550016,2026/08/05 11:31:05
2026/08/04,MAPS,550054,PIPE,0.000,34.560,184.595,0.000,,,SA,Moomba Hub,550017,2026/08/05 11:31:05
2026/08/04,MAPS,550054,PIPE,183.945,0.000,0.000,0.000,,,SA,Regional - SA,590013,2026/08/05 11:31:05
2026/08/04,McArthur River Mine,580220,BBGPG,8.235,0.000,0.000,0.000,,,NT,Regional - NT,590017,2026/08/05 09:30:07
2026/08/04,MCF,550050,COMPRESSOR,0.000,0.000,0.000,0.000,,,SA,Moomba Hub,550017,2026/08/05 12:46:38
2026/08/04,Mereenie,580040,PROD,0.000,26.345,0.000,0.000,,,NT,Regional - NT,590017,2026/08/05 11:49:27
2026/08/04,Meridian,540064,PROD,0.000,46.363,0.000,0.000,,,QLD,Regional - QLD,590001,2026/08/05 09:39:14
2026/08/04,Mintaro Power Station,555031,BBGPG,0.000,0.000,0.000,0.000,,,SA,Regional - SA,590013,2026/08/05 11:31:05
2026/08/04,Moomba,550045,PROD,0.000,214.700,0.000,0.000,,,SA,Moomba Hub,550017,2026/08/09 21:02:49
2026/08/04,Moomba Storage,550046,STOR,0.000,1.100,0.000,0.000,6306.400,0.000,SA,Moomba Hub,550017,2026/08/09 21:02:49
2026/08/04,Mortlake PS,530063,BBGPG,42.598,0.000,0.000,0.000,,,VIC,Regional - VIC,590012,2026/08/05 07:20:00
2026/08/04,MPL,530061,PIPE,0.000,0.000,15.401,0.000,,,VIC,Iona Hub,530016,2026/08/05 07:20:00
2026/08/04,MPL,530061,PIPE,42.598,0.000,0.000,0.000,,,VIC,Regional - VIC,590012,2026/08/05 07:20:00
2026/08/04,MRP,580100,PIPE,8.235,0.000,8.236,0.000,,,NT,Regional - NT,590017,2026/08/05 09:30:07
2026/08/04,MSP,520053,PIPE,148.770,0.000,0.000,0.000,,,NSW,Sydney,520008,2026/08/05 12:46:38
2026/08/04,MSP,520053,PIPE,0.000,0.000,180.023,4.500,,,SA,Moomba Hub,550017,2026/08/05 12:46:38
2026/08/04,MSP,520053,PIPE,49.093,0.000,0.000,4.445,,,NSW,Regional - NSW,590011,2026/08/05 12:46:38
2026/08/04,MSP,520053,PIPE,22.152,0.000,0.000,0.000,,,NSW,Regional - ACT,590015,2026/08/05 12:46:38
2026/08/04,MSP,520053,PIPE,0.000,0.000,48.290,0.000,,,NSW,Culcairn,590016,2026/08/05 12:46:38
2026/08/04,Newport,533171,BBGPG,0.001,0.000,0.000,0.000,,,VIC,Melbourne,590008,2026/08/05 11:00:02
2026/08/04,NGP,580050,PIPE,0.000,0.000,0.000,0.000,,,QLD,Regional - QLD,590001,2026/08/05 12:01:32
2026/08/04,NGP,580050,PIPE,0.000,0.000,0.000,0.000,,,NT,Regional - NT,590017,2026/08/05 12:01:32
2026/08/04,NGS,520060,STOR,0.190,0.706,0.000,0.000,681.684,76.810,NSW,Sydney,520008,2026/08/05 09:10:25
2026/08/04,Oakey PS,544095,BBGPG,0.000,0.000,0.000,0.000,,,QLD,Regional - QLD,590001,2026/08/05 12:46:38
2026/08/04,Orana,540084,PROD,0.000,170.493,0.000,0.000,,,QLD,Regional - QLD,590001,2026/08/09 11:50:36
2026/08/04,Orbost,530041,PROD,0.000,73.133,0.000,0.000,,,VIC,Regional - VIC,590012,2026/08/05 12:01:05
2026/08/04,Orica,544011,BBLARGE,8.491,0.000,0.000,0.000,,,QLD,Regional - QLD,590001,2026/08/06 12:01:10
2026/08/04,Orica (Kooragang Island),523206,BBLARGE,39.634,0.000,0.000,0.000,,,NSW,Sydney,520008,2026/08/05 13:00:00
2026/08/04,Osborne,555033,BBGPG,35.229,0.000,0.000,0.000,,,SA,Regional - SA,590013,2026/08/05 11:31:05
2026/08/04,Otway,530044,PROD,0.000,167.040,0.000,0.000,,,VIC,Iona Hub,530016,2026/08/05 12:22:49
2026/08/04,Owen Springs Power Station,580235,BBGPG,1.052,0.000,0.000,0.000,,,NT,Regional - NT,590017,2026/08/05 06:41:27
2026/08/04,Palm Valley,580060,PROD,0.000,5.730,0.000,0.000,,,NT,Regional - NT,590017,2026/08/05 11:49:27
2026/08/04,PCA,550052,PIPE,0.001,17.281,29.488,1.282,,,VIC,Iona Hub,530016,2026/08/05 07:20:01
2026/08/04,PCA,550052,PIPE,22.907,0.000,0.000,0.000,,,SA,Adelaide,550016,2026/08/05 07:20:01
2026/08/04,PCA,550052,PIPE,0.000,0.000,0.000,15.984,,,VIC,Regional - VIC,590012,2026/08/05 07:20:01
2026/08/04,PCA,550052,PIPE,14.368,0.000,0.000,0.000,,,SA,Regional - SA,590013,2026/08/05 07:20:01
2026/08/04,PCI,530060,PIPE,0.000,178.015,1.282,179.301,,,VIC,Iona Hub,530016,2026/08/05 07:20:01
2026/08/04,Peat,540065,PROD,0.000,10.806,0.000,0.000,,,QLD,Regional - QLD,590001,2026/08/09 11:50:36
2026/08/04,Pelican Point Power Station,555089,BBGPG,43.960,0.000,0.000,0.000,,,SA,Regional - SA,590013,2026/08/05 07:20:01
2026/08/04,Phosphate Hill,544081,BBLARGE,26.763,0.000,0.000,0.000,,,QLD,Regional - QLD,590001,2026/08/05 12:46:38
2026/08/04,Pipeline Compression Station,544279,COMPRESSOR,0.000,0.000,0.000,0.000,,,QLD,Regional - QLD,590001,2026/08/05 11:13:05
2026/08/04,PVP,580070,PIPE,1.559,0.000,1.576,0.000,,,NT,Regional - NT,590017,2026/08/05 06:41:27
2026/08/04,QCLNG LNG Plant,544272,LNGEXPORT,1546.870,0.000,0.000,0.000,,,QLD,Curtis Island,540030,2026/08/05 10:36:14
2026/08/04,QGP,540058,PIPE,0.000,0.000,24.131,0.000,,,QLD,Wallumbilla Hub,540032,2026/08/06 12:01:10
2026/08/04,QGP,540058,PIPE,124.273,23.197,76.885,0.000,,,QLD,Regional - QLD,590001,2026/08/06 12:01:10
2026/08/04,Quarantine Power Station,555087,BBGPG,13.680,0.000,0.000,0.000,,,SA,Regional - SA,590013,2026/08/05 11:31:05
2026/08/04,Queensland Aluminia,544012,BBLARGE,30.026,0.000,0.000,0.000,,,QLD,Regional - QLD,590001,2026/08/06 12:01:10
2026/08/04,RBP,540057,PIPE,0.000,0.000,0.000,76.300,,,QLD,Wallumbilla Hub,540032,2026/08/05 12:46:38
2026/08/04,RBP,540057,PIPE,4.217,81.569,73.529,0.000,,,QLD,Regional - QLD,590001,2026/08/05 12:46:38
2026/08/04,RBP,540057,PIPE,77.260,0.000,0.000,0.000,,,QLD,Brisbane,590002,2026/08/05 12:46:38
2026/08/04,RCWP,540102,PIPE,0.000,0.000,0.000,88.679,,,QLD,Wallumbilla Hub,540032,2026/08/05 12:46:38
2026/08/04,RCWP,540102,PIPE,0.000,0.000,88.540,0.000,,,QLD,Regional - QLD,590001,2026/08/05 12:46:38
2026/08/04,Reedy Creek,540085,PROD,0.000,200.360,0.000,0.000,,,QLD,Regional - QLD,590001,2026/08/09 11:50:36
2026/08/04,RMNGPF,640011,PROD,0.000,16.330,0.000,0.000,,,QLD,Regional - QLD,590001,2026/08/05 10:43:33
2026/08/04,RNMGP,640012,PIPE,0.000,16.330,0.000,16.330,,,QLD,Regional - QLD,590001,2026/08/05 10:43:33
2026/08/04,RNP,640009,PIPE,0.000,22.860,0.000,22.860,,,QLD,Regional - QLD,590001,2026/08/05 12:01:08
2026/08/04,Rolleston,540073,PROD,0.000,8.289,0.000,0.000,,,QLD,Regional - QLD,590001,2026/08/06 12:01:10
2026/08/04,Roma,540095,PROD,0.000,234.969,0.000,0.000,,,QLD,Regional - QLD,590001,2026/08/05 11:13:42
2026/08/04,Roma North,544260,PROD,0.000,22.860,0.000,0.000,,,QLD,Regional - QLD,590001,2026/08/05 12:01:33
2026/08/04,Roma Power Station,540120,BBGPG,0.000,0.000,0.000,0.000,,,QLD,Regional - QLD,590001,2026/08/05 11:42:57
2026/08/04,Ron Goodin Power Station,580234,BBGPG,0.000,0.000,0.000,0.000,,,NT,Regional - NT,590017,2026/08/05 06:41:27
2026/08/04,RPL,540110,PIPE,0.070,0.000,0.000,0.000,,,QLD,Regional - QLD,590001,2026/08/05 11:42:57
2026/08/04,Ruby Jo,540082,PROD,0.000,441.029,0.000,0.000,,,QLD,Regional - QLD,590001,2026/08/05 10:36:14
2026/08/04,RUGS,540040,STOR,0.000,3.129,0.000,0.000,15165.149,0.000,QLD,Regional - QLD,590001,2026/08/05 11:13:42
2026/08/04,Scotia,540072,PROD,0.000,102.562,0.000,0.000,,,QLD,Regional - QLD,590001,2026/08/05 11:13:42
2026/08/04,SEPS,550061,PIPE,7.663,0.000,7.657,0.000,,,SA,Regional - SA,590013,2026/08/05 11:32:05
2026/08/04,SESA,550060,PIPE,0.000,0.000,15.986,0.000,,,VIC,Regional - VIC,590012,2026/08/05 12:46:38
2026/08/04,SESA,550060,PIPE,8.304,0.000,0.000,7.654,,,SA,Regional - SA,590013,2026/08/05 12:46:38
2026/08/04,Shoalhaven Starches Cogeneration Plant,523203,BBLARGE,22.118,0.000,0.000,0.000,,,NSW,Regional - NSW,590011,2026/08/05 12:26:14
2026/08/04,Smithfield Energy Facility,522004,BBGPG,0.000,0.000,0.000,0.000,,,NSW,Regional - NSW,590011,2026/08/05 12:06:59
2026/08/04,Snapper Point,555090,BBGPG,0.000,0.000,0.000,0.000,,,SA,Regional - SA,590013,2026/08/05 11:31:05
2026/08/04,Somerton,533174,BBGPG,7.434,0.000,0.000,0.000,,,VIC,Melbourne,590008,2026/08/05 11:00:02
2026/08/04,Spring Gully,540066,PROD,0.000,0.000,0.000,0.000,,,QLD,Regional - QLD,590001,2026/08/09 11:50:36
2026/08/04,SSP,540103,PIPE,0.000,7.380,0.000,7.380,,,QLD,Regional - QLD,590001,2026/08/05 09:30:09
2026/08/04,SSSF,540062,STOR,0.000,6.300,0.000,0.000,8646.252,0.000,QLD,Regional - QLD,590001,2026/08/05 09:30:09
2026/08/04,Strathblane,540067,PROD,0.000,63.328,0.000,0.000,,,QLD,Regional - QLD,590001,2026/08/09 11:50:36
2026/08/04,Swanbank Power Station,544104,BBGPG,19.868,0.000,0.000,0.000,,,QLD,Brisbane,590002,2026/08/05 12:46:38
2026/08/04,SWQP,540060,PIPE,0.000,0.000,481.476,218.525,,,QLD,Wallumbilla Hub,540032,2026/08/05 12:46:38
2026/08/04,SWQP,540060,PIPE,0.000,0.000,0.000,77.813,,,QLD,Ballera,540078,2026/08/05 12:46:38
2026/08/04,SWQP,540060,PIPE,0.000,180.174,0.000,360.118,,,SA,Moomba Hub,550017,2026/08/05 12:46:38
2026/08/04,SWQP,540060,PIPE,0.115,0.000,0.000,0.000,,,QLD,Regional - QLD,590001,2026/08/05 12:46:38
2026/08/04,Talinga,540076,PROD,0.000,88.024,0.000,0.000,,,QLD,Regional - QLD,590001,2026/08/09 11:50:36
2026/08/04,Tallawarra,522002,BBGPG,0.001,0.000,0.000,0.000,,,NSW,Regional - NSW,590011,2026/08/05 11:00:04
2026/08/04,Tallawarra Pipeline,523201,PIPE,0.001,0.000,0.001,0.000,,,NSW,Regional - NSW,590011,2026/08/05 11:00:04
2026/08/04,Taloona,540068,PROD,0.000,50.602,0.000,0.000,,,QLD,Regional - QLD,590001,2026/08/09 11:50:36
2026/08/04,Tanami GP,580210,PIPE,7.912,0.000,7.900,0.000,,,NT,Regional - NT,590017,2026/08/05 12:02:00
2026/08/04,TGP,570050,PIPE,0.000,0.000,92.879,40.495,,,VIC,Longford Hub,530015,2026/08/06 12:01:00
2026/08/04,TGP,570050,PIPE,55.324,0.000,0.000,0.000,,,TAS,Regional - TAS,590014,2026/08/06 12:01:00
2026/08/04,Tipton,540051,PROD,0.000,40.159,0.000,0.000,,,QLD,Regional - QLD,590001,2026/08/05 12:30:14
2026/08/04,Torrens Island PS,555041,BBGPG,81.614,0.000,0.000,0.000,,,SA,Regional - SA,590013,2026/08/05 11:31:05
2026/08/04,Uranquinty Power Station,522047,BBGPG,0.000,0.000,0.000,0.000,,,NSW,Regional - NSW,590011,2026/08/05 12:46:38
2026/08/04,Valley Power GPG,535024,BBGPG,0.008,0.000,0.000,0.000,,,VIC,Gippsland,590009,2026/08/05 11:00:50
2026/08/04,VicHub,532005,PIPE,0.000,0.000,48.698,48.698,,,VIC,Longford Hub,530015,2026/08/05 12:01:35
2026/08/04,Viva Energy Refinery,535018,BBLARGE,12.830,0.000,0.000,0.000,,,VIC,Geelong,590005,2026/08/05 07:30:14
2026/08/04,VTS,530110,PIPE,0.000,426.392,89.216,0.000,,,VIC,Longford Hub,530015,2026/08/05 11:00:02
2026/08/04,VTS,530110,PIPE,0.000,153.238,134.415,0.000,,,VIC,Iona Hub,530016,2026/08/05 11:00:02
2026/08/04,VTS,530110,PIPE,13.625,0.000,0.000,0.000,,,VIC,Western,590004,2026/08/05 11:00:02
2026/08/04,VTS,530110,PIPE,80.044,0.000,0.000,0.000,,,VIC,Geelong,590005,2026/08/05 11:00:02
2026/08/04,VTS,530110,PIPE,51.977,0.000,0.000,0.000,,,VIC,Ballarat,590006,2026/08/05 11:00:02
2026/08/04,VTS,530110,PIPE,78.965,0.000,0.000,0.000,,,VIC,Northern,590007,2026/08/05 11:00:02
2026/08/04,VTS,530110,PIPE,484.252,0.213,0.000,0.000,,,VIC,Melbourne,590008,2026/08/05 11:00:02
2026/08/04,VTS,530110,PIPE,50.496,0.000,17.629,0.078,,,VIC,Gippsland,590009,2026/08/05 11:00:02
2026/08/04,VTS,530110,PIPE,0.000,0.000,0.000,48.289,,,NSW,Culcairn,590016,2026/08/05 11:00:02
2026/08/04,Wallumbilla Compression Station,544280,COMPRESSOR,0.000,0.000,0.000,0.000,,,QLD,Wallumbilla Hub,540032,2026/08/05 11:13:05
2026/08/04,WCFA,540045,COMPRESSOR,0.000,0.000,343.832,343.832,,,QLD,Wallumbilla Hub,540032,2026/08/05 12:46:38
2026/08/04,WCFB,540046,COMPRESSOR,0.000,0.000,131.343,131.343,,,QLD,Wallumbilla Hub,540032,2026/08/05 12:46:38
2026/08/04,Weddell Power Station,580232,BBGPG,10.700,0.000,0.000,0.000,,,NT,Darwin,580001,2026/08/05 12:46:38
2026/08/04,WGP,540091,PIPE,1546.870,0.000,0.000,0.000,,,QLD,Curtis Island,540030,2026/08/05 10:36:14
2026/08/04,WGP,540091,PIPE,0.000,1506.328,0.018,0.000,,,QLD,Regional - QLD,590001,2026/08/05 10:36:14
2026/08/04,Whyalla Steelworks,555085,BBLARGE,4.703,0.000,0.000,0.000,,,SA,Regional - SA,590013,2026/08/05 11:31:05
2026/08/04,Windibri,540069,PROD,0.000,109.096,0.000,0.000,,,QLD,Regional - QLD,590001,2026/08/05 10:36:14
2026/08/04,Woleebee Creek,540087,PROD,0.000,644.259,0.000,0.000,,,QLD,Regional - QLD,590001,2026/08/05 10:36:14
2026/08/04,WPP,580030,PIPE,10.700,24.967,0.000,14.250,,,NT,Darwin,580001,2026/08/05 12:46:38
2026/08/04,Yarwun,544282,BBGPG,68.253,0.000,0.000,0.000,,,QLD,Regional - QLD,590001,2026/08/06 12:01:10
2026/08/04,Yelcherr,580180,PROD,0.000,0.000,0.000,0.000,,,NT,Regional - NT,590017,2026/08/05 12:46:38
2026/08/04,Yellowbank,540074,PROD,0.000,11.658,0.000,0.000,,,QLD,Regional - QLD,590001,2026/08/06 12:01:10
2026/08/05,Adelaide Brighton,555091,BBLARGE,9.489,0.000,0.000,0.000,,,SA,Adelaide,550016,2026/09/01 13:00:01
2026/08/05,AGP,580010,PIPE,21.094,0.000,14.548,0.000,,,NT,Darwin,580001,2026/08/06 12:46:37
2026/08/05,AGP,580010,PIPE,6.615,30.145,0.248,17.835,,,NT,Regional - NT,590017,2026/08/06 12:46:37
2026/08/05,APLNG Pipeline,540093,PIPE,1282.654,0.000,0.000,0.000,,,QLD,Curtis Island,540030,2026/08/10 11:30:08
2026/08/05,APLNG Pipeline,540093,PIPE,0.000,1266.471,271.308,234.784,,,QLD,Regional - QLD,590001,2026/08/10 11:30:08
2026/08/05,Arcadia,540101,PROD,0.000,93.178,0.000,0.000,,,QLD,Regional - QLD,590001,2026/08/06 11:28:29
2026/08/05,ATGP,640013,PIPE,0.000,43.125,0.000,43.125,,,QLD,Regional - QLD,590001,2026/08/06 12:01:16
2026/08/05,ATHENA,535014,PROD,0.000,15.570,0.000,0.000,,,VIC,Iona Hub,530016,2026/08/10 09:49:41
2026/08/05,Atlas,544261,PROD,0.000,43.125,0.000,0.000,,,QLD,Regional - QLD,590001,2026/08/06 12:01:21
2026/08/05,Atlas East Central Processing Facility,640008,PROD,0.000,31.780,0.000,0.000,,,QLD,Regional - QLD,590001,2026/08/06 09:43:33
2026/08/05,Atlas to Reedy Creek Pipeline,640007,PIPE,0.000,31.777,0.000,32.647,,,QLD,Regional - QLD,590001,2026/08/06 12:46:37
2026/08/05,Australia Pacific LNG,544273,LNGEXPORT,1282.655,0.000,0.000,0.000,,,QLD,Curtis Island,540030,2026/08/06 12:00:25
2026/08/05,Australian Paper (Opal),535021,BBLARGE,12.560,0.000,0.000,0.000,,,VIC,Gippsland,590009,2026/08/08 11:00:02
2026/08/05,B1PL,540077,PIPE,8.253,42.725,0.000,37.042,,,QLD,Regional - QLD,590001,2026/08/06 11:00:51
2026/08/05,B2PL,540071,PIPE,2.450,4.421,0.000,28.144,,,QLD,Regional - QLD,590001,2026/08/06 12:30:03
2026/08/05,Bairnsdale Power Station,535020,BBGPG,2.990,0.000,0.000,0.000,,,VIC,Regional - VIC,590012,2026/08/06 11:00:50
2026/08/05,BCF,540047,COMPRESSOR,0.000,0.000,63.500,63.500,,,QLD,Regional - QLD,590001,2026/08/10 12:43:42
2026/08/05,Bell Bay CCGT,577016,BBGPG,40.282,0.000,0.000,0.000,,,TAS,Regional - TAS,590014,2026/08/07 12:01:00
2026/08/05,Bell Bay GGT,577014,BBGPG,1.221,0.000,0.000,0.000,,,TAS,Regional - TAS,590014,2026/08/07 12:01:00
2026/08/05,Bell Bay OCGT,577015,BBGPG,2.131,0.000,0.000,0.000,,,TAS,Regional - TAS,590014,2026/08/07 12:01:00
2026/08/05,Bellevue,540083,PROD,0.000,160.160,0.000,0.000,,,QLD,Regional - QLD,590001,2026/08/06 10:35:37
2026/08/05,BGP,580020,PIPE,0.301,0.000,0.000,0.000,,,NT,Regional - NT,590017,2026/08/06 12:46:37
2026/08/05,BlueScope,523204,BBLARGE,11.517,0.000,0.000,0.000,,,NSW,Sydney,520008,2026/08/06 12:01:05
2026/08/05,Bolivar,555008,BBGPG,6.050,0.000,0.000,0.000,,,SA,Regional - SA,590013,2026/08/06 12:03:31
2026/08/05,Bomaderry Gas Pipeline,523202,PIPE,22.136,0.000,22.363,0.000,,,NSW,Regional - NSW,590011,2026/08/07 13:03:22
2026/08/05,BPP,530030,PIPE,2.650,20.230,0.000,17.581,,,VIC,Gippsland,590009,2026/08/08 11:00:02
2026/08/05,Braemar 2 Power Station,544085,BBGPG,2.450,0.000,0.000,0.000,,,QLD,Regional - QLD,590001,2026/08/06 12:30:03
2026/08/05,Braemar Power Station,544252,BBGPG,8.253,0.000,0.000,0.000,,,QLD,Regional - QLD,590001,2026/08/06 11:00:51
2026/08/05,BWP,540096,PIPE,0.000,0.000,0.000,125.038,,,QLD,Wallumbilla Hub,540032,2026/08/06 12:46:37
2026/08/05,BWP,540096,PIPE,0.000,127.047,0.000,0.000,,,QLD,Regional - QLD,590001,2026/08/06 12:46:37
2026/08/05,CGP,540059,PIPE,0.000,0.000,63.462,0.000,,,QLD,Ballera,540078,2026/08/06 12:46:37
2026/08/05,CGP,540059,PIPE,66.174,0.000,0.000,0.000,,,QLD,Regional - QLD,590001,2026/08/06 12:46:37
2026/08/05,Channel Island Power Station,580231,BBGPG,21.094,0.000,0.000,0.000,,,NT,Darwin,580001,2026/08/06 12:46:37
2026/08/05,Colongra,523120,BBGPG,0.009,0.000,0.000,0.000,,,NSW,Regional - NSW,590011,2026/08/06 12:00:05
2026/08/05,ColongraGP,520090,PIPE,0.000,0.000,0.000,0.000,,,NSW,Sydney,520008,2026/08/06 12:00:05
2026/08/05,ColongraGP,520090,PIPE,0.009,0.000,0.000,0.000,,,NSW,Regional - NSW,590011,2026/08/06 12:00:05
2026/08/05,Combabula,540094,PROD,0.000,293.865,0.000,0.000,,,QLD,Regional - QLD,590001,2026/08/10 11:30:08
2026/08/05,Condabri Central,540080,PROD,0.000,139.351,0.000,0.000,,,QLD,Regional - QLD,590001,2026/08/10 11:30:08
2026/08/05,Condabri North,540090,PROD,0.000,91.406,0.000,0.000,,,QLD,Regional - QLD,590001,2026/08/10 11:30:08
2026/08/05,Condabri South,540086,PROD,0.000,157.431,0.000,0.000,,,QLD,Regional - QLD,590001,2026/08/10 11:30:08
2026/08/05,Condamine Power Station,544274,BBGPG,0.000,0.000,0.000,0.000,,,QLD,Regional - QLD,590001,2026/08/06 10:35:36
2026/08/05,CRWP,540098,PIPE,0.000,0.000,217.256,0.000,,,QLD,Wallumbilla Hub,540032,2026/08/06 11:28:08
2026/08/05,CRWP,540098,PIPE,0.000,228.853,39.039,486.694,,,QLD,Regional - QLD,590001,2026/08/06 11:28:08
2026/08/05,CWP,520054,PIPE,5.337,0.000,4.606,0.000,,,NSW,Regional - NSW,590011,2026/08/06 12:46:37
2026/08/05,Daandine,540050,PROD,0.000,33.781,0.000,0.000,,,QLD,Regional - QLD,590001,2026/08/06 12:30:02
2026/08/05,Dandenong LNG,530038,STOR,0.000,0.277,0.000,0.000,613.364,27.889,VIC,Melbourne,590008,2026/08/06 12:46:37
2026/08/05,DDP,540097,PIPE,0.000,0.000,0.000,184.503,,,QLD,Wallumbilla Hub,540032,2026/08/06 12:01:15
2026/08/05,DDP,540097,PIPE,23.964,349.960,132.592,271.308,,,QLD,Regional - QLD,590001,2026/08/06 12:01:15
2026/08/05,DDPS,544027,BBGPG,23.964,0.000,0.000,0.000,,,QLD,Regional - QLD,590001,2026/08/06 12:01:15
2026/08/05,Diamantina Power Station,544077,BBGPG,29.650,0.000,0.000,0.000,,,QLD,Regional - QLD,590001,2026/08/06 12:46:37
2026/08/05,Dry Creek Power Station,555026,BBGPG,0.000,0.000,0.000,0.000,,,SA,Regional - SA,590013,2026/08/06 11:31:05
2026/08/05,EGP,520047,PIPE,131.118,0.000,0.000,0.000,,,NSW,Sydney,520008,2026/08/06 12:01:05
2026/08/05,EGP,520047,PIPE,16.518,0.000,0.000,0.000,,,NSW,Canberra,520009,2026/08/06 12:01:05
2026/08/05,EGP,520047,PIPE,0.000,226.944,0.000,120.421,,,VIC,Longford Hub,530015,2026/08/06 12:01:05
2026/08/05,EGP,520047,PIPE,10.596,0.000,0.000,22.363,,,NSW,Regional - NSW,590011,2026/08/06 12:01:05
2026/08/05,EGP,520047,PIPE,4.279,71.648,0.000,0.000,,,VIC,Regional - VIC,590012,2026/08/06 12:01:05
2026/08/05,EO4PL,540055,PIPE,0.000,0.000,0.000,0.000,,,QLD,Regional - QLD,590001,2026/08/06 10:35:37
2026/08/05,Eurombah Creek,540089,PROD,0.000,158.210,0.000,0.000,,,QLD,Regional - QLD,590001,2026/08/10 11:30:08
2026/08/05,Fairview,540070,PROD,0.000,285.772,0.000,0.000,,,QLD,Regional - QLD,590001,2026/08/06 11:28:29
2026/08/05,GLNG (Curtis Island),544276,LNGEXPORT,909.366,0.000,0.000,0.000,,,QLD,Curtis Island,540030,2026/08/06 11:28:08
2026/08/05,GLNG Pipeline,540092,PIPE,909.366,0.000,0.000,0.000,,,QLD,Curtis Island,540030,2026/08/06 11:28:08
2026/08/05,GLNG Pipeline,540092,PIPE,0.000,422.114,493.267,0.007,,,QLD,Regional - QLD,590001,2026/08/06 10:35:37
2026/08/05,Hallett,555029,BBGPG,10.445,0.000,0.000,0.000,,,SA,Regional - SA,590013,2026/08/06 11:31:05
2026/08/05,Hunter Power Station,523210,BBGPG,0.003,0.000,0.000,0.000,,,NSW,Sydney,520008,2026/08/06 12:46:37
2026/08/05,ICF,530071,COMPRESSOR,0.000,0.000,26.772,26.772,,,VIC,Iona Hub,530016,2026/08/06 08:35:03
2026/08/05,Iona UGS,530042,STOR,26.772,219.156,0.000,0.000,14634.152,0.000,VIC,Iona Hub,530016,2026/08/06 08:30:04
2026/08/05,Jeerelang,533161,BBGPG,0.000,0.000,0.000,0.000,,,VIC,Gippsland,590009,2026/08/08 11:00:02
2026/08/05,Jordan,540088,PROD,0.000,331.320,0.000,0.000,,,QLD,Regional - QLD,590001,2026/08/06 10:35:37
2026/08/05,Katherine Power Station,580233,BBGPG,0.000,0.000,0.000,0.000,,,NT,Regional - NT,590017,2026/08/06 12:46:37
2026/08/05,Kenya,540075,PROD,0.000,118.659,0.000,0.000,,,QLD,Regional - QLD,590001,2026/08/06 10:35:37
2026/08/05,Kincora,544253,PROD,0.000,0.000,0.000,0.000,,,QLD,Regional - QLD,590001,2026/08/06 12:46:37
2026/08/05,KKLP,523209,PIPE,0.003,0.000,0.000,0.000,,,NSW,Sydney,520008,2026/08/06 12:46:37
2026/08/05,Kogan North,540061,PROD,0.000,4.171,0.000,0.000,,,QLD,Regional - QLD,590001,2026/08/06 12:46:37
2026/08/05,Ladbroke Grove PS,555086,BBGPG,19.780,0.000,0.000,0.000,,,SA,Regional - SA,590013,2026/08/06 12:46:37
2026/08/05,Lang Lang,530039,PROD,0.000,20.230,0.000,0.000,,,VIC,Gippsland,590009,2026/08/06 10:30:34
2026/08/05,Laverton,533201,BBGPG,0.000,0.000,0.000,0.000,,,VIC,Geelong,590005,2026/08/08 11:00:02
2026/08/05,Longford,530040,PROD,0.000,652.128,0.000,0.000,,,VIC,Longford Hub,530015,2026/08/06 09:29:38
2026/08/05,Loy Yang B,533163,BBGPG,0.000,0.000,0.000,0.000,,,VIC,Gippsland,590009,2026/08/06 11:00:52
2026/08/05,LYB Transmission Pipeline,535023,PIPE,0.749,0.000,0.733,0.000,,,VIC,Gippsland,590009,2026/08/06 11:00:52
2026/08/05,MAPS,550054,PIPE,52.495,0.000,0.000,0.000,,,SA,Adelaide,550016,2026/08/06 11:31:05
2026/08/05,MAPS,550054,PIPE,0.000,34.673,189.103,0.000,,,SA,Moomba Hub,550017,2026/08/06 11:31:05
2026/08/05,MAPS,550054,PIPE,194.518,0.000,0.000,0.000,,,SA,Regional - SA,590013,2026/08/06 11:31:05
2026/08/05,McArthur River Mine,580220,BBGPG,8.451,0.000,0.000,0.000,,,NT,Regional - NT,590017,2026/08/06 08:56:07
2026/08/05,MCF,550050,COMPRESSOR,0.000,0.000,0.000,0.000,,,SA,Moomba Hub,550017,2026/08/06 12:46:37
2026/08/05,Mereenie,580040,PROD,0.000,24.434,0.000,0.000,,,NT,Regional - NT,590017,2026/08/06 11:51:39
2026/08/05,Meridian,540064,PROD,0.000,46.414,0.000,0.000,,,QLD,Regional - QLD,590001,2026/08/06 09:38:52
2026/08/05,Mintaro Power Station,555031,BBGPG,0.000,0.000,0.000,0.000,,,SA,Regional - SA,590013,2026/08/06 11:31:05
2026/08/05,Moomba,550045,PROD,0.000,213.500,0.000,0.000,,,SA,Moomba Hub,550017,2026/08/10 12:43:42
2026/08/05,Moomba Storage,550046,STOR,0.000,0.700,0.000,0.000,6305.700,0.000,SA,Moomba Hub,550017,2026/08/10 12:43:42
2026/08/05,Mortlake PS,530063,BBGPG,73.586,0.000,0.000,0.000,,,VIC,Regional - VIC,590012,2026/08/06 07:20:00
2026/08/05,MPL,530061,PIPE,0.000,0.000,68.951,0.000,,,VIC,Iona Hub,530016,2026/08/06 07:20:00
2026/08/05,MPL,530061,PIPE,73.586,0.000,0.000,0.000,,,VIC,Regional - VIC,590012,2026/08/06 07:20:00
2026/08/05,MRP,580100,PIPE,8.451,0.000,8.452,0.000,,,NT,Regional - NT,590017,2026/08/06 08:56:07
2026/08/05,MSP,520053,PIPE,153.834,0.000,0.000,0.000,,,NSW,Sydney,520008,2026/08/06 12:46:37
2026/08/05,MSP,520053,PIPE,0.000,0.000,191.010,1.000,,,SA,Moomba Hub,550017,2026/08/06 12:46:37
2026/08/05,MSP,520053,PIPE,76.283,0.000,0.000,4.606,,,NSW,Regional - NSW,590011,2026/08/06 12:46:37
2026/08/05,MSP,520053,PIPE,21.150,0.000,0.000,0.000,,,NSW,Regional - ACT,590015,2026/08/06 12:46:37
2026/08/05,MSP,520053,PIPE,0.000,0.000,29.218,0.000,,,NSW,Culcairn,590016,2026/08/06 12:46:37
2026/08/05,Newport,533171,BBGPG,0.002,0.000,0.000,0.000,,,VIC,Melbourne,590008,2026/08/08 11:00:02
2026/08/05,NGP,580050,PIPE,0.000,0.000,0.000,0.000,,,QLD,Regional - QLD,590001,2026/08/07 09:36:05
2026/08/05,NGP,580050,PIPE,0.000,0.000,0.000,0.000,,,NT,Regional - NT,590017,2026/08/07 09:36:05
2026/08/05,NGS,520060,STOR,0.180,0.579,0.000,0.000,681.604,76.810,NSW,Sydney,520008,2026/08/06 11:40:03
2026/08/05,Oakey PS,544095,BBGPG,0.000,0.000,0.000,0.000,,,QLD,Regional - QLD,590001,2026/08/06 12:46:37
2026/08/05,Orana,540084,PROD,0.000,170.714,0.000,0.000,,,QLD,Regional - QLD,590001,2026/08/10 11:30:08
2026/08/05,Orbost,530041,PROD,0.000,71.648,0.000,0.000,,,VIC,Regional - VIC,590012,2026/08/06 12:01:05
2026/08/05,Orica,544011,BBLARGE,8.409,0.000,0.000,0.000,,,QLD,Regional - QLD,590001,2026/08/07 11:00:05
2026/08/05,Orica (Kooragang Island),523206,BBLARGE,39.285,0.000,0.000,0.000,,,NSW,Sydney,520008,2026/08/06 13:00:00
2026/08/05,Osborne,555033,BBGPG,35.376,0.000,0.000,0.000,,,SA,Regional - SA,590013,2026/08/06 11:31:05
2026/08/05,Otway,530044,PROD,0.000,140.140,0.000,0.000,,,VIC,Iona Hub,530016,2026/08/06 11:06:18
2026/08/05,Owen Springs Power Station,580235,BBGPG,0.907,0.000,0.000,0.000,,,NT,Regional - NT,590017,2026/08/06 06:41:06
2026/08/05,Palm Valley,580060,PROD,0.000,5.711,0.000,0.000,,,NT,Regional - NT,590017,2026/08/06 11:51:39
2026/08/05,PCA,550052,PIPE,0.000,32.298,12.286,2.525,,,VIC,Iona Hub,530016,2026/08/06 14:20:00
2026/08/05,PCA,550052,PIPE,21.629,0.000,0.000,0.000,,,SA,Adelaide,550016,2026/08/06 14:20:00
2026/08/05,PCA,550052,PIPE,0.000,0.000,0.000,27.141,,,VIC,Regional - VIC,590012,2026/08/06 14:20:00
2026/08/05,PCA,550052,PIPE,60.106,0.000,0.000,0.000,,,SA,Regional - SA,590013,2026/08/06 14:20:00
2026/08/05,PCI,530060,PIPE,0.000,181.412,8.525,190.034,,,VIC,Iona Hub,530016,2026/08/06 07:20:01
2026/08/05,Peat,540065,PROD,0.000,11.652,0.000,0.000,,,QLD,Regional - QLD,590001,2026/08/10 11:30:08
2026/08/05,Pelican Point Power Station,555089,BBGPG,46.410,0.000,0.000,0.000,,,SA,Regional - SA,590013,2026/08/06 14:20:00
2026/08/05,Phosphate Hill,544081,BBLARGE,26.427,0.000,0.000,0.000,,,QLD,Regional - QLD,590001,2026/08/06 12:46:37
2026/08/05,Pipeline Compression Station,544279,COMPRESSOR,0.000,0.000,0.000,0.000,,,QLD,Regional - QLD,590001,2026/08/06 11:28:08
2026/08/05,PVP,580070,PIPE,1.392,0.000,1.463,0.000,,,NT,Regional - NT,590017,2026/08/06 06:41:06
2026/08/05,QCLNG LNG Plant,544272,LNGEXPORT,1488.727,0.000,0.000,0.000,,,QLD,Curtis Island,540030,2026/08/06 10:35:37
2026/08/05,QGP,540058,PIPE,0.000,0.000,22.763,0.000,,,QLD,Wallumbilla Hub,540032,2026/08/07 11:00:05
2026/08/05,QGP,540058,PIPE,114.240,23.312,66.881,0.000,,,QLD,Regional - QLD,590001,2026/08/07 11:00:05
2026/08/05,Quarantine Power Station,555087,BBGPG,34.178,0.000,0.000,0.000,,,SA,Regional - SA,590013,2026/08/06 11:31:05
2026/08/05,Queensland Aluminia,544012,BBLARGE,30.356,0.000,0.000,0.000,,,QLD,Regional - QLD,590001,2026/08/07 11:00:05
2026/08/05,RBP,540057,PIPE,0.000,0.000,0.000,95.348,,,QLD,Wallumbilla Hub,540032,2026/08/06 12:46:37
2026/08/05,RBP,540057,PIPE,4.066,82.427,71.507,0.000,,,QLD,Regional - QLD,590001,2026/08/06 12:46:37
2026/08/05,RBP,540057,PIPE,53.830,0.000,0.000,0.000,,,QLD,Brisbane,590002,2026/08/06 12:46:37
2026/08/05,RCWP,540102,PIPE,0.000,0.000,0.000,104.054,,,QLD,Wallumbilla Hub,540032,2026/08/06 12:46:37
2026/08/05,RCWP,540102,PIPE,0.000,0.000,103.967,0.000,,,QLD,Regional - QLD,590001,2026/08/06 12:46:37
2026/08/05,Reedy Creek,540085,PROD,0.000,200.420,0.000,0.000,,,QLD,Regional - QLD,590001,2026/08/10 11:30:08
2026/08/05,RMNGPF,640011,PROD,0.000,16.230,0.000,0.000,,,QLD,Regional - QLD,590001,2026/08/06 09:44:01
2026/08/05,RNMGP,640012,PIPE,0.000,16.230,0.000,16.230,,,QLD,Regional - QLD,590001,2026/08/06 09:44:01
2026/08/05,RNP,640009,PIPE,0.000,22.809,0.000,22.809,,,QLD,Regional - QLD,590001,2026/08/06 12:01:14
2026/08/05,Rolleston,540073,PROD,0.000,8.047,0.000,0.000,,,QLD,Regional - QLD,590001,2026/08/07 11:00:05
2026/08/05,Roma,540095,PROD,0.000,228.853,0.000,0.000,,,QLD,Regional - QLD,590001,2026/08/06 11:28:39
2026/08/05,Roma North,544260,PROD,0.000,22.809,0.000,0.000,,,QLD,Regional - QLD,590001,2026/08/06 12:01:20
2026/08/05,Roma Power Station,540120,BBGPG,0.000,0.000,0.000,0.000,,,QLD,Regional - QLD,590001,2026/08/06 11:02:57
2026/08/05,Ron Goodin Power Station,580234,BBGPG,0.000,0.000,0.000,0.000,,,NT,Regional - NT,590017,2026/08/06 06:41:06
2026/08/05,RPL,540110,PIPE,0.067,0.000,0.000,0.000,,,QLD,Regional - QLD,590001,2026/08/06 11:02:57
2026/08/05,Ruby Jo,540082,PROD,0.000,442.498,0.000,0.000,,,QLD,Regional - QLD,590001,2026/08/06 10:35:37
2026/08/05,RUGS,540040,STOR,5.334,1.717,0.000,0.000,15165.036,0.000,QLD,Regional - QLD,590001,2026/08/06 11:28:39
2026/08/05,Scotia,540072,PROD,0.000,102.496,0.000,0.000,,,QLD,Regional - QLD,590001,2026/08/06 11:28:39
2026/08/05,SEPS,550061,PIPE,6.659,0.000,6.957,0.000,,,SA,Regional - SA,590013,2026/08/06 11:32:05
2026/08/05,SESA,550060,PIPE,0.000,0.000,27.139,0.000,,,VIC,Regional - VIC,590012,2026/08/06 12:46:37
2026/08/05,SESA,550060,PIPE,19.780,0.000,0.000,6.956,,,SA,Regional - SA,590013,2026/08/06 12:46:37
2026/08/05,Shoalhaven Starches Cogeneration Plant,523203,BBLARGE,22.136,0.000,0.000,0.000,,,NSW,Regional - NSW,590011,2026/08/07 13:03:22
2026/08/05,Smithfield Energy Facility,522004,BBGPG,4.968,0.000,0.000,0.000,,,NSW,Regional - NSW,590011,2026/08/06 12:03:55
2026/08/05,Snapper Point,555090,BBGPG,1.042,0.000,0.000,0.000,,,SA,Regional - SA,590013,2026/08/06 11:31:05
2026/08/05,Somerton,533174,BBGPG,12.264,0.000,0.000,0.000,,,VIC,Melbourne,590008,2026/08/08 11:00:02
2026/08/05,Spring Gully,540066,PROD,0.000,0.000,0.000,0.000,,,QLD,Regional - QLD,590001,2026/08/10 11:30:08
2026/08/05,SSP,540103,PIPE,0.000,7.060,0.000,7.060,,,QLD,Regional - QLD,590001,2026/08/06 10:54:36
2026/08/05,SSSF,540062,STOR,0.000,6.300,0.000,0.000,8639.192,0.000,QLD,Regional - QLD,590001,2026/08/06 10:54:36
2026/08/05,Strathblane,540067,PROD,0.000,62.617,0.000,0.000,,,QLD,Regional - QLD,590001,2026/08/10 11:30:08
2026/08/05,Swanbank Power Station,544104,BBGPG,0.000,0.000,0.000,0.000,,,QLD,Brisbane,590002,2026/08/06 12:46:37
2026/08/05,SWQP,540060,PIPE,0.000,0.000,508.942,240.019,,,QLD,Wallumbilla Hub,540032,2026/08/06 12:46:37
2026/08/05,SWQP,540060,PIPE,0.000,0.000,0.000,68.188,,,QLD,Ballera,540078,2026/08/06 12:46:37
2026/08/05,SWQP,540060,PIPE,0.000,178.876,0.000,379.113,,,SA,Moomba Hub,550017,2026/08/06 12:46:37
2026/08/05,SWQP,540060,PIPE,0.107,0.000,0.000,0.000,,,QLD,Regional - QLD,590001,2026/08/06 12:46:37
2026/08/05,Talinga,540076,PROD,0.000,88.839,0.000,0.000,,,QLD,Regional - QLD,590001,2026/08/10 11:30:08
2026/08/05,Tallawarra,522002,BBGPG,0.000,0.000,0.000,0.000,,,NSW,Regional - NSW,590011,2026/08/06 11:00:04
2026/08/05,Tallawarra Pipeline,523201,PIPE,0.000,0.000,0.000,0.000,,,NSW,Regional - NSW,590011,2026/08/06 11:00:04
2026/08/05,Taloona,540068,PROD,0.000,49.913,0.000,0.000,,,QLD,Regional - QLD,590001,2026/08/10 11:30:08
2026/08/05,Tanami GP,580210,PIPE,6.955,0.000,7.900,0.000,,,NT,Regional - NT,590017,2026/08/06 12:02:00
2026/08/05,TGP,570050,PIPE,0.000,0.000,88.404,34.314,,,VIC,Longford Hub,530015,2026/08/07 12:01:00
2026/08/05,TGP,570050,PIPE,59.816,0.000,0.000,0.000,,,TAS,Regional - TAS,590014,2026/08/07 12:01:00
2026/08/05,Tipton,540051,PROD,0.000,41.509,0.000,0.000,,,QLD,Regional - QLD,590001,2026/08/06 12:30:03
2026/08/05,Torrens Island PS,555041,BBGPG,96.257,0.000,0.000,0.000,,,SA,Regional - SA,590013,2026/08/06 11:31:05
2026/08/05,Uranquinty Power Station,522047,BBGPG,28.328,0.000,0.000,0.000,,,NSW,Regional - NSW,590011,2026/08/06 12:46:37
2026/08/05,Valley Power GPG,535024,BBGPG,0.749,0.000,0.000,0.000,,,VIC,Gippsland,590009,2026/08/06 11:00:52
2026/08/05,VicHub,532005,PIPE,0.000,0.000,32.022,32.022,,,VIC,Longford Hub,530015,2026/08/06 12:01:22
2026/08/05,Viva Energy Refinery,535018,BBLARGE,13.469,0.000,0.000,0.000,,,VIC,Geelong,590005,2026/08/06 07:30:20
2026/08/05,VTS,530110,PIPE,0.000,423.351,66.353,0.000,,,VIC,Longford Hub,530015,2026/08/08 11:00:02
2026/08/05,VTS,530110,PIPE,0.000,132.758,102.757,0.000,,,VIC,Iona Hub,530016,2026/08/08 11:00:02
2026/08/05,VTS,530110,PIPE,12.069,0.000,0.000,0.000,,,VIC,Western,590004,2026/08/08 11:00:02
2026/08/05,VTS,530110,PIPE,76.691,0.000,0.000,0.000,,,VIC,Geelong,590005,2026/08/08 11:00:02
2026/08/05,VTS,530110,PIPE,47.225,0.000,0.000,0.000,,,VIC,Ballarat,590006,2026/08/08 11:00:02
2026/08/05,VTS,530110,PIPE,74.039,0.000,0.000,0.000,,,VIC,Northern,590007,2026/08/08 11:00:02
2026/08/05,VTS,530110,PIPE,455.605,0.194,0.000,0.000,,,VIC,Melbourne,590008,2026/08/08 11:00:02
2026/08/05,VTS,530110,PIPE,47.769,0.000,17.581,0.733,,,VIC,Gippsland,590009,2026/08/08 11:00:02
2026/08/05,VTS,530110,PIPE,0.000,0.000,0.000,29.218,,,NSW,Culcairn,590016,2026/08/08 11:00:02
2026/08/05,Wallumbilla Compression Station,544280,COMPRESSOR,0.000,0.000,0.000,0.000,,,QLD,Wallumbilla Hub,540032,2026/08/06 11:28:08
2026/08/05,WCFA,540045,COMPRESSOR,0.000,0.000,371.499,371.499,,,QLD,Wallumbilla Hub,540032,2026/08/06 12:46:37
2026/08/05,WCFB,540046,COMPRESSOR,0.000,0.000,131.143,131.143,,,QLD,Wallumbilla Hub,540032,2026/08/06 12:46:37
2026/08/05,Weddell Power Station,580232,BBGPG,10.551,0.000,0.000,0.000,,,NT,Darwin,580001,2026/08/06 12:46:37
2026/08/05,WGP,540091,PIPE,1488.727,0.000,0.000,0.000,,,QLD,Curtis Island,540030,2026/08/06 10:35:37
2026/08/05,WGP,540091,PIPE,0.000,1475.664,0.000,0.000,,,QLD,Regional - QLD,590001,2026/08/06 10:35:37
2026/08/05,Whyalla Steelworks,555085,BBLARGE,4.694,0.000,0.000,0.000,,,SA,Regional - SA,590013,2026/08/06 11:31:05
2026/08/05,Windibri,540069,PROD,0.000,76.888,0.000,0.000,,,QLD,Regional - QLD,590001,2026/08/06 10:35:37
2026/08/05,Woleebee Creek,540087,PROD,0.000,643.476,0.000,0.000,,,QLD,Regional - QLD,590001,2026/08/06 10:35:37
2026/08/05,WPP,580030,PIPE,10.551,25.099,0.000,14.548,,,NT,Darwin,580001,2026/08/06 12:46:37
2026/08/05,Yarwun,544282,BBGPG,58.511,0.000,0.000,0.000,,,QLD,Regional - QLD,590001,2026/08/07 11:00:05
2026/08/05,Yelcherr,580180,PROD,0.000,0.000,0.000,0.000,,,NT,Regional - NT,590017,2026/08/06 12:46:37
2026/08/05,Yellowbank,540074,PROD,0.000,12.015,0.000,0.000,,,QLD,Regional - QLD,590001,2026/08/07 11:00:05
2026/08/06,Adelaide Brighton,555091,BBLARGE,8.779,0.000,0.000,0.000,,,SA,Adelaide,550016,2026/09/01 13:00:01
2026/08/06,AGP,580010,PIPE,21.588,0.000,14.528,0.000,,,NT,Darwin,580001,2026/08/07 12:46:30
2026/08/06,AGP,580010,PIPE,6.664,32.327,0.248,17.683,,,NT,Regional - NT,590017,2026/08/07 12:46:30
2026/08/06,APLNG Pipeline,540093,PIPE,1306.723,0.000,0.000,0.000,,,QLD,Curtis Island,540030,2026/08/11 12:15:34
2026/08/06,APLNG Pipeline,540093,PIPE,0.000,1263.470,293.783,263.026,,,QLD,Regional - QLD,590001,2026/08/11 12:15:34
2026/08/06,Arcadia,540101,PROD,0.000,93.107,0.000,0.000,,,QLD,Regional - QLD,590001,2026/08/07 11:43:26
2026/08/06,ATGP,640013,PIPE,0.000,43.391,0.000,43.391,,,QLD,Regional - QLD,590001,2026/08/07 12:01:10
2026/08/06,ATHENA,535014,PROD,0.000,16.635,0.000,0.000,,,VIC,Iona Hub,530016,2026/08/11 09:45:36
2026/08/06,Atlas,544261,PROD,0.000,43.391,0.000,0.000,,,QLD,Regional - QLD,590001,2026/08/07 12:01:15
2026/08/06,Atlas East Central Processing Facility,640008,PROD,0.000,31.530,0.000,0.000,,,QLD,Regional - QLD,590001,2026/08/07 10:54:04
2026/08/06,Atlas to Reedy Creek Pipeline,640007,PIPE,0.000,31.529,0.000,31.026,,,QLD,Regional - QLD,590001,2026/08/07 12:46:30
2026/08/06,Australia Pacific LNG,544273,LNGEXPORT,1306.723,0.000,0.000,0.000,,,QLD,Curtis Island,540030,2026/08/07 12:00:25
2026/08/06,Australian Paper (Opal),535021,BBLARGE,15.425,0.000,0.000,0.000,,,VIC,Gippsland,590009,2026/08/11 11:00:02
2026/08/06,B1PL,540077,PIPE,0.034,41.573,0.000,48.115,,,QLD,Regional - QLD,590001,2026/08/07 11:01:06
2026/08/06,B2PL,540071,PIPE,10.250,4.394,0.000,29.156,,,QLD,Regional - QLD,590001,2026/08/07 10:18:32
2026/08/06,Bairnsdale Power Station,535020,BBGPG,0.000,0.000,0.000,0.000,,,VIC,Regional - VIC,590012,2026/08/07 11:01:09
2026/08/06,BCF,540047,COMPRESSOR,0.000,0.000,63.100,63.100,,,QLD,Regional - QLD,590001,2026/08/11 14:45:37
2026/08/06,Bell Bay CCGT,577016,BBGPG,36.542,0.000,0.000,0.000,,,TAS,Regional - TAS,590014,2026/08/08 12:01:00
2026/08/06,Bell Bay GGT,577014,BBGPG,0.000,0.000,0.000,0.000,,,TAS,Regional - TAS,590014,2026/08/08 12:01:00
2026/08/06,Bell Bay OCGT,577015,BBGPG,0.001,0.000,0.000,0.000,,,TAS,Regional - TAS,590014,2026/08/08 12:01:00
2026/08/06,Bellevue,540083,PROD,0.000,181.503,0.000,0.000,,,QLD,Regional - QLD,590001,2026/08/07 10:36:18
2026/08/06,BGP,580020,PIPE,0.295,0.000,0.000,0.000,,,NT,Regional - NT,590017,2026/08/07 12:46:30
2026/08/06,BlueScope,523204,BBLARGE,10.693,0.000,0.000,0.000,,,NSW,Sydney,520008,2026/08/07 12:01:05
2026/08/06,Bolivar,555008,BBGPG,0.152,0.000,0.000,0.000,,,SA,Regional - SA,590013,2026/08/07 12:07:34
2026/08/06,Bomaderry Gas Pipeline,523202,PIPE,0.000,0.000,22.136,0.000,,,NSW,Regional - NSW,590011,2026/08/07 12:01:05
2026/08/06,BPP,530030,PIPE,2.630,20.210,0.000,17.584,,,VIC,Gippsland,590009,2026/08/11 11:00:02
2026/08/06,Braemar 2 Power Station,544085,BBGPG,10.250,0.000,0.000,0.000,,,QLD,Regional - QLD,590001,2026/08/07 10:18:32
2026/08/06,Braemar Power Station,544252,BBGPG,0.034,0.000,0.000,0.000,,,QLD,Regional - QLD,590001,2026/08/07 11:01:06
2026/08/06,BWP,540096,PIPE,0.000,0.000,0.000,119.645,,,QLD,Wallumbilla Hub,540032,2026/08/07 12:46:30
2026/08/06,BWP,540096,PIPE,0.000,118.549,0.000,0.000,,,QLD,Regional - QLD,590001,2026/08/07 12:46:30
2026/08/06,CGP,540059,PIPE,0.000,0.000,63.084,0.000,,,QLD,Ballera,540078,2026/08/07 12:46:30
2026/08/06,CGP,540059,PIPE,63.785,0.000,0.000,0.000,,,QLD,Regional - QLD,590001,2026/08/07 12:46:30
2026/08/06,Channel Island Power Station,580231,BBGPG,21.588,0.000,0.000,0.000,,,NT,Darwin,580001,2026/08/07 12:46:30
2026/08/06,Colongra,523120,BBGPG,0.007,0.000,0.000,0.000,,,NSW,Regional - NSW,590011,2026/08/07 12:00:05
2026/08/06,ColongraGP,520090,PIPE,0.000,0.000,0.000,0.000,,,NSW,Sydney,520008,2026/08/07 12:00:05
2026/08/06,ColongraGP,520090,PIPE,0.007,0.000,0.000,0.000,,,NSW,Regional - NSW,590011,2026/08/07 12:00:05
2026/08/06,Combabula,540094,PROD,0.000,293.355,0.000,0.000,,,QLD,Regional - QLD,590001,2026/08/11 12:15:34
2026/08/06,Condabri Central,540080,PROD,0.000,148.386,0.000,0.000,,,QLD,Regional - QLD,590001,2026/08/11 12:15:34
2026/08/06,Condabri North,540090,PROD,0.000,83.832,0.000,0.000,,,QLD,Regional - QLD,590001,2026/08/11 12:15:34
2026/08/06,Condabri South,540086,PROD,0.000,157.081,0.000,0.000,,,QLD,Regional - QLD,590001,2026/08/11 12:15:34
2026/08/06,Condamine Power Station,544274,BBGPG,0.014,0.000,0.000,0.000,,,QLD,Regional - QLD,590001,2026/08/07 10:36:21
2026/08/06,CRWP,540098,PIPE,0.000,0.000,216.526,0.000,,,QLD,Wallumbilla Hub,540032,2026/08/07 11:43:07
2026/08/06,CRWP,540098,PIPE,0.000,235.361,38.956,494.819,,,QLD,Regional - QLD,590001,2026/08/07 11:43:07
2026/08/06,CWP,520054,PIPE,6.636,0.000,8.171,0.000,,,NSW,Regional - NSW,590011,2026/08/07 12:46:30
2026/08/06,Daandine,540050,PROD,0.000,33.550,0.000,0.000,,,QLD,Regional - QLD,590001,2026/08/07 10:18:45
2026/08/06,Dandenong LNG,530038,STOR,0.000,0.276,0.000,0.000,612.830,27.889,VIC,Melbourne,590008,2026/08/07 12:46:30
2026/08/06,DDP,540097,PIPE,0.000,0.000,0.000,184.486,,,QLD,Wallumbilla Hub,540032,2026/08/08 09:00:05
2026/08/06,DDP,540097,PIPE,29.955,357.881,132.894,280.442,,,QLD,Regional - QLD,590001,2026/08/08 09:00:05
2026/08/06,DDPS,544027,BBGPG,29.955,0.000,0.000,0.000,,,QLD,Regional - QLD,590001,2026/08/08 09:00:05
2026/08/06,Diamantina Power Station,544077,BBGPG,27.221,0.000,0.000,0.000,,,QLD,Regional - QLD,590001,2026/08/07 12:46:30
2026/08/06,Dry Creek Power Station,555026,BBGPG,0.000,0.000,0.000,0.000,,,SA,Regional - SA,590013,2026/08/07 11:31:09
2026/08/06,EGP,520047,PIPE,123.694,0.000,0.000,0.000,,,NSW,Sydney,520008,2026/08/07 12:01:05
2026/08/06,EGP,520047,PIPE,16.873,0.000,0.000,0.000,,,NSW,Canberra,520009,2026/08/07 12:01:05
2026/08/06,EGP,520047,PIPE,0.000,235.815,0.000,111.785,,,VIC,Longford Hub,530015,2026/08/07 12:01:05
2026/08/06,EGP,520047,PIPE,6.301,0.000,0.000,22.136,,,NSW,Regional - NSW,590011,2026/08/07 12:01:05
2026/08/06,EGP,520047,PIPE,1.142,73.091,0.000,0.000,,,VIC,Regional - VIC,590012,2026/08/07 12:01:05
2026/08/06,EO4PL,540055,PIPE,0.000,0.000,0.000,0.000,,,QLD,Regional - QLD,590001,2026/08/07 10:36:18
2026/08/06,Eurombah Creek,540089,PROD,0.000,156.942,0.000,0.000,,,QLD,Regional - QLD,590001,2026/08/11 12:15:34
2026/08/06,Fairview,540070,PROD,0.000,284.653,0.000,0.000,,,QLD,Regional - QLD,590001,2026/08/07 11:43:26
2026/08/06,GLNG (Curtis Island),544276,LNGEXPORT,908.080,0.000,0.000,0.000,,,QLD,Curtis Island,540030,2026/08/07 11:43:07
2026/08/06,GLNG Pipeline,540092,PIPE,908.080,0.000,0.000,0.000,,,QLD,Curtis Island,540030,2026/08/07 11:43:07
2026/08/06,GLNG Pipeline,540092,PIPE,0.000,420.476,495.066,13.588,,,QLD,Regional - QLD,590001,2026/08/07 10:36:18
2026/08/06,Hallett,555029,BBGPG,0.000,0.000,0.000,0.000,,,SA,Regional - SA,590013,2026/08/07 11:31:09
2026/08/06,Hunter Power Station,523210,BBGPG,0.002,0.000,0.000,0.000,,,NSW,Sydney,520008,2026/08/07 12:46:30
2026/08/06,ICF,530071,COMPRESSOR,0.000,0.000,16.079,16.079,,,VIC,Iona Hub,530016,2026/08/07 08:35:22
2026/08/06,Iona UGS,530042,STOR,16.079,175.928,0.000,0.000,14474.303,0.000,VIC,Iona Hub,530016,2026/08/07 08:30:02
2026/08/06,Jeerelang,533161,BBGPG,0.000,0.000,0.000,0.000,,,VIC,Gippsland,590009,2026/08/11 11:00:02
2026/08/06,Jordan,540088,PROD,0.000,332.422,0.000,0.000,,,QLD,Regional - QLD,590001,2026/08/07 10:36:18
2026/08/06,Katherine Power Station,580233,BBGPG,0.000,0.000,0.000,0.000,,,NT,Regional - NT,590017,2026/08/07 12:46:30
2026/08/06,Kenya,540075,PROD,0.000,113.345,0.000,0.000,,,QLD,Regional - QLD,590001,2026/08/07 10:36:18
2026/08/06,Kincora,544253,PROD,0.000,4.000,0.000,0.000,,,QLD,Regional - QLD,590001,2026/08/07 12:46:30
2026/08/06,KKLP,523209,PIPE,0.002,0.000,0.000,0.000,,,NSW,Sydney,520008,2026/08/07 12:46:30
2026/08/06,Kogan North,540061,PROD,0.000,4.347,0.000,0.000,,,QLD,Regional - QLD,590001,2026/08/07 12:46:30
2026/08/06,Ladbroke Grove PS,555086,BBGPG,14.353,0.000,0.000,0.000,,,SA,Regional - SA,590013,2026/08/07 12:46:30
2026/08/06,Lang Lang,530039,PROD,0.000,20.210,0.000,0.000,,,VIC,Gippsland,590009,2026/08/07 10:40:21
2026/08/06,Laverton,533201,BBGPG,0.008,0.000,0.000,0.000,,,VIC,Geelong,590005,2026/08/11 11:00:02
2026/08/06,Longford,530040,PROD,0.000,651.803,0.000,0.000,,,VIC,Longford Hub,530015,2026/08/07 07:57:16
2026/08/06,Loy Yang B,533163,BBGPG,0.000,0.000,0.000,0.000,,,VIC,Gippsland,590009,2026/08/07 11:01:07
2026/08/06,LYB Transmission Pipeline,535023,PIPE,0.002,0.000,0.009,0.000,,,VIC,Gippsland,590009,2026/08/07 11:01:07
2026/08/06,MAPS,550054,PIPE,51.921,0.000,0.000,0.000,,,SA,Adelaide,550016,2026/08/07 11:31:09
2026/08/06,MAPS,550054,PIPE,0.000,32.858,198.327,0.000,,,SA,Moomba Hub,550017,2026/08/07 11:31:09
2026/08/06,MAPS,550054,PIPE,183.820,0.000,0.000,0.000,,,SA,Regional - SA,590013,2026/08/07 11:31:09
2026/08/06,McArthur River Mine,580220,BBGPG,8.521,0.000,0.000,0.000,,,NT,Regional - NT,590017,2026/08/07 09:06:18
2026/08/06,MCF,550050,COMPRESSOR,0.000,0.000,0.000,0.000,,,SA,Moomba Hub,550017,2026/08/07 12:46:30
2026/08/06,Mereenie,580040,PROD,0.000,26.619,0.000,0.000,,,NT,Regional - NT,590017,2026/08/07 11:58:30
2026/08/06,Meridian,540064,PROD,0.000,45.966,0.000,0.000,,,QLD,Regional - QLD,590001,2026/08/07 09:39:15
2026/08/06,Mintaro Power Station,555031,BBGPG,0.000,0.000,0.000,0.000,,,SA,Regional - SA,590013,2026/08/07 11:31:09
2026/08/06,Moomba,550045,PROD,0.000,214.300,0.000,0.000,,,SA,Moomba Hub,550017,2026/08/11 14:45:37
2026/08/06,Moomba Storage,550046,STOR,0.000,0.000,0.000,0.000,6305.600,0.000,SA,Moomba Hub,550017,2026/08/11 14:45:37
2026/08/06,Mortlake PS,530063,BBGPG,75.623,0.000,0.000,0.000,,,VIC,Regional - VIC,590012,2026/08/07 07:20:00
2026/08/06,MPL,530061,PIPE,0.000,0.000,85.540,0.000,,,VIC,Iona Hub,530016,2026/08/07 07:20:00
2026/08/06,MPL,530061,PIPE,75.623,0.000,0.000,0.000,,,VIC,Regional - VIC,590012,2026/08/07 07:20:00
2026/08/06,MRP,580100,PIPE,8.521,0.000,8.522,0.000,,,NT,Regional - NT,590017,2026/08/07 09:06:18
2026/08/06,MSP,520053,PIPE,161.442,0.000,0.000,0.000,,,NSW,Sydney,520008,2026/08/07 12:46:30
2026/08/06,MSP,520053,PIPE,0.000,0.000,252.000,2.000,,,SA,Moomba Hub,550017,2026/08/07 12:46:30
2026/08/06,MSP,520053,PIPE,62.833,0.000,0.000,8.171,,,NSW,Regional - NSW,590011,2026/08/07 12:46:30
2026/08/06,MSP,520053,PIPE,21.243,0.000,0.000,0.000,,,NSW,Regional - ACT,590015,2026/08/07 12:46:30
2026/08/06,MSP,520053,PIPE,0.000,0.000,27.321,0.000,,,NSW,Culcairn,590016,2026/08/07 12:46:30
2026/08/06,Newport,533171,BBGPG,0.002,0.000,0.000,0.000,,,VIC,Melbourne,590008,2026/08/11 11:00:02
2026/08/06,NGP,580050,PIPE,0.000,0.000,0.000,0.000,,,QLD,Regional - QLD,590001,2026/08/07 12:01:12
2026/08/06,NGP,580050,PIPE,0.000,0.000,0.000,0.000,,,NT,Regional - NT,590017,2026/08/07 12:01:12
2026/08/06,NGS,520060,STOR,0.180,0.470,0.000,0.000,680.540,76.810,NSW,Sydney,520008,2026/08/07 07:51:20
2026/08/06,Oakey PS,544095,BBGPG,0.000,0.000,0.000,0.000,,,QLD,Regional - QLD,590001,2026/08/07 12:46:30
2026/08/06,Orana,540084,PROD,0.000,170.757,0.000,0.000,,,QLD,Regional - QLD,590001,2026/08/11 12:15:34
2026/08/06,Orbost,530041,PROD,0.000,73.091,0.000,0.000,,,VIC,Regional - VIC,590012,2026/08/07 12:01:05
2026/08/06,Orica,544011,BBLARGE,9.730,0.000,0.000,0.000,,,QLD,Regional - QLD,590001,2026/08/07 12:01:06
2026/08/06,Orica (Kooragang Island),523206,BBLARGE,39.162,0.000,0.000,0.000,,,NSW,Sydney,520008,2026/08/07 13:00:00
2026/08/06,Osborne,555033,BBGPG,35.596,0.000,0.000,0.000,,,SA,Regional - SA,590013,2026/08/07 11:31:09
2026/08/06,Otway,530044,PROD,0.000,170.709,0.000,0.000,,,VIC,Iona Hub,530016,2026/08/07 13:08:57
2026/08/06,Owen Springs Power Station,580235,BBGPG,0.732,0.000,0.000,0.000,,,NT,Regional - NT,590017,2026/08/07 06:41:02
2026/08/06,Palm Valley,580060,PROD,0.000,5.708,0.000,0.000,,,NT,Regional - NT,590017,2026/08/07 11:58:30
2026/08/06,PCA,550052,PIPE,0.003,23.548,46.260,0.000,,,VIC,Iona Hub,530016,2026/08/07 07:20:01
2026/08/06,PCA,550052,PIPE,11.825,0.000,0.000,0.000,,,SA,Adelaide,550016,2026/08/07 07:20:01
2026/08/06,PCA,550052,PIPE,0.000,0.000,0.000,21.723,,,VIC,Regional - VIC,590012,2026/08/07 07:20:01
2026/08/06,PCA,550052,PIPE,41.871,0.000,0.000,0.000,,,SA,Regional - SA,590013,2026/08/07 07:20:01
2026/08/06,PCI,530060,PIPE,0.000,181.812,0.000,181.812,,,VIC,Iona Hub,530016,2026/08/07 07:20:01
2026/08/06,Peat,540065,PROD,0.000,11.980,0.000,0.000,,,QLD,Regional - QLD,590001,2026/08/11 12:15:34
2026/08/06,Pelican Point Power Station,555089,BBGPG,48.896,0.000,0.000,0.000,,,SA,Regional - SA,590013,2026/08/07 07:20:01
2026/08/06,Phosphate Hill,544081,BBLARGE,26.124,0.000,0.000,0.000,,,QLD,Regional - QLD,590001,2026/08/07 12:46:30
2026/08/06,Pipeline Compression Station,544279,COMPRESSOR,0.000,0.000,0.000,0.000,,,QLD,Regional - QLD,590001,2026/08/07 11:43:07
2026/08/06,PVP,580070,PIPE,1.222,0.000,1.246,0.000,,,NT,Regional - NT,590017,2026/08/07 06:41:02
2026/08/06,QCLNG LNG Plant,544272,LNGEXPORT,1517.150,0.000,0.000,0.000,,,QLD,Curtis Island,540030,2026/08/07 10:36:18
2026/08/06,QGP,540058,PIPE,0.000,0.000,24.824,0.000,,,QLD,Wallumbilla Hub,540032,2026/08/07 12:01:06
2026/08/06,QGP,540058,PIPE,124.860,23.624,76.886,0.000,,,QLD,Regional - QLD,590001,2026/08/07 12:01:06
2026/08/06,Quarantine Power Station,555087,BBGPG,26.811,0.000,0.000,0.000,,,SA,Regional - SA,590013,2026/08/07 11:31:09
2026/08/06,Queensland Aluminia,544012,BBLARGE,29.380,0.000,0.000,0.000,,,QLD,Regional - QLD,590001,2026/08/07 12:01:06
2026/08/06,RBP,540057,PIPE,0.000,0.000,0.000,28.299,,,QLD,Wallumbilla Hub,540032,2026/08/07 12:46:30
2026/08/06,RBP,540057,PIPE,4.052,39.932,83.571,0.000,,,QLD,Regional - QLD,590001,2026/08/07 12:46:30
2026/08/06,RBP,540057,PIPE,90.203,0.000,0.000,0.000,,,QLD,Brisbane,590002,2026/08/07 12:46:30
2026/08/06,RCWP,540102,PIPE,0.000,0.000,0.000,127.555,,,QLD,Wallumbilla Hub,540032,2026/08/07 12:46:30
2026/08/06,RCWP,540102,PIPE,0.000,0.000,127.290,0.000,,,QLD,Regional - QLD,590001,2026/08/07 12:46:30
2026/08/06,Reedy Creek,540085,PROD,0.000,200.181,0.000,0.000,,,QLD,Regional - QLD,590001,2026/08/11 12:15:34
2026/08/06,RMNGPF,640011,PROD,0.000,16.240,0.000,0.000,,,QLD,Regional - QLD,590001,2026/08/07 10:54:16
2026/08/06,RNMGP,640012,PIPE,0.000,16.240,0.000,16.240,,,QLD,Regional - QLD,590001,2026/08/07 10:54:16
2026/08/06,RNP,640009,PIPE,0.000,22.716,0.000,22.716,,,QLD,Regional - QLD,590001,2026/08/07 12:01:08
2026/08/06,Rolleston,540073,PROD,0.000,8.488,0.000,0.000,,,QLD,Regional - QLD,590001,2026/08/07 12:01:06
2026/08/06,Roma,540095,PROD,0.000,235.361,0.000,0.000,,,QLD,Regional - QLD,590001,2026/08/07 11:43:34
2026/08/06,Roma North,544260,PROD,0.000,22.716,0.000,0.000,,,QLD,Regional - QLD,590001,2026/08/07 12:01:14
2026/08/06,Roma Power Station,540120,BBGPG,0.000,0.000,0.000,0.000,,,QLD,Regional - QLD,590001,2026/08/07 11:32:57
2026/08/06,Ron Goodin Power Station,580234,BBGPG,0.000,0.000,0.000,0.000,,,NT,Regional - NT,590017,2026/08/07 06:41:02
2026/08/06,RPL,540110,PIPE,0.075,0.000,0.000,0.000,,,QLD,Regional - QLD,590001,2026/08/07 11:32:57
2026/08/06,Ruby Jo,540082,PROD,0.000,441.329,0.000,0.000,,,QLD,Regional - QLD,590001,2026/08/07 10:36:18
2026/08/06,RUGS,540040,STOR,0.000,2.358,0.000,0.000,15162.453,0.000,QLD,Regional - QLD,590001,2026/08/07 11:43:34
2026/08/06,Scotia,540072,PROD,0.000,100.461,0.000,0.000,,,QLD,Regional - QLD,590001,2026/08/07 11:43:34
2026/08/06,SEPS,550061,PIPE,6.932,0.000,6.938,0.000,,,SA,Regional - SA,590013,2026/08/07 11:32:05
2026/08/06,SESA,550060,PIPE,0.000,0.000,21.721,0.000,,,VIC,Regional - VIC,590012,2026/08/07 12:46:30
2026/08/06,SESA,550060,PIPE,14.353,0.000,0.000,6.960,,,SA,Regional - SA,590013,2026/08/07 12:46:30
2026/08/06,Smithfield Energy Facility,522004,BBGPG,1.924,0.000,0.000,0.000,,,NSW,Regional - NSW,590011,2026/08/07 12:07:34
2026/08/06,Snapper Point,555090,BBGPG,0.352,0.000,0.000,0.000,,,SA,Regional - SA,590013,2026/08/07 11:31:09
2026/08/06,Somerton,533174,BBGPG,12.994,0.000,0.000,0.000,,,VIC,Melbourne,590008,2026/08/11 11:00:02
2026/08/06,Spring Gully,540066,PROD,0.000,0.000,0.000,0.000,,,QLD,Regional - QLD,590001,2026/08/11 12:15:34
2026/08/06,SSP,540103,PIPE,0.000,7.470,0.000,7.470,,,QLD,Regional - QLD,590001,2026/08/07 09:05:00
2026/08/06,SSSF,540062,STOR,0.000,6.300,0.000,0.000,8631.722,0.000,QLD,Regional - QLD,590001,2026/08/07 09:05:00
2026/08/06,Strathblane,540067,PROD,0.000,62.304,0.000,0.000,,,QLD,Regional - QLD,590001,2026/08/11 12:15:34
2026/08/06,Swanbank Power Station,544104,BBGPG,35.225,0.000,0.000,0.000,,,QLD,Brisbane,590002,2026/08/07 12:46:30
2026/08/06,SWQP,540060,PIPE,0.000,0.000,459.973,241.350,,,QLD,Wallumbilla Hub,540032,2026/08/07 12:46:30
2026/08/06,SWQP,540060,PIPE,0.000,0.000,0.000,67.691,,,QLD,Ballera,540078,2026/08/07 12:46:30
2026/08/06,SWQP,540060,PIPE,0.000,181.417,0.000,448.327,,,SA,Moomba Hub,550017,2026/08/07 12:46:30
2026/08/06,SWQP,540060,PIPE,0.112,0.000,0.000,0.000,,,QLD,Regional - QLD,590001,2026/08/07 12:46:30
2026/08/06,Talinga,540076,PROD,0.000,89.088,0.000,0.000,,,QLD,Regional - QLD,590001,2026/08/11 12:15:34
2026/08/06,Tallawarra,522002,BBGPG,0.000,0.000,0.000,0.000,,,NSW,Regional - NSW,590011,2026/08/07 11:00:10
2026/08/06,Tallawarra Pipeline,523201,PIPE,0.000,0.000,0.000,0.000,,,NSW,Regional - NSW,590011,2026/08/07 11:00:10
2026/08/06,Taloona,540068,PROD,0.000,49.910,0.000,0.000,,,QLD,Regional - QLD,590001,2026/08/11 12:15:34
2026/08/06,Tanami GP,580210,PIPE,8.175,0.000,7.900,0.000,,,NT,Regional - NT,590017,2026/08/07 12:02:00
2026/08/06,TGP,570050,PIPE,0.000,0.000,92.355,29.489,,,VIC,Longford Hub,530015,2026/08/08 12:01:00
2026/08/06,TGP,570050,PIPE,56.250,0.000,0.000,0.000,,,TAS,Regional - TAS,590014,2026/08/08 12:01:00
2026/08/06,Tipton,540051,PROD,0.000,41.573,0.000,0.000,,,QLD,Regional - QLD,590001,2026/08/07 10:18:35
2026/08/06,Torrens Island PS,555041,BBGPG,90.499,0.000,0.000,0.000,,,SA,Regional - SA,590013,2026/08/07 11:31:09
2026/08/06,Uranquinty Power Station,522047,BBGPG,16.831,0.000,0.000,0.000,,,NSW,Regional - NSW,590011,2026/08/07 12:46:30
2026/08/06,Valley Power GPG,535024,BBGPG,0.002,0.000,0.000,0.000,,,VIC,Gippsland,590009,2026/08/07 11:01:07
2026/08/06,VicHub,532005,PIPE,0.000,0.000,19.439,19.439,,,VIC,Longford Hub,530015,2026/08/07 12:01:16
2026/08/06,Viva Energy Refinery,535018,BBLARGE,11.870,0.000,0.000,0.000,,,VIC,Geelong,590005,2026/08/07 07:30:14
2026/08/06,VTS,530110,PIPE,0.000,413.868,48.941,0.001,,,VIC,Longford Hub,530015,2026/08/11 11:00:02
2026/08/06,VTS,530110,PIPE,0.000,142.411,50.010,0.000,,,VIC,Iona Hub,530016,2026/08/11 11:00:02
2026/08/06,VTS,530110,PIPE,13.152,0.000,0.000,0.000,,,VIC,Western,590004,2026/08/11 11:00:02
2026/08/06,VTS,530110,PIPE,68.937,0.000,0.000,0.000,,,VIC,Geelong,590005,2026/08/11 11:00:02
2026/08/06,VTS,530110,PIPE,43.480,0.000,0.000,0.000,,,VIC,Ballarat,590006,2026/08/11 11:00:02
2026/08/06,VTS,530110,PIPE,70.837,0.000,0.000,0.000,,,VIC,Northern,590007,2026/08/11 11:00:02
2026/08/06,VTS,530110,PIPE,407.098,0.202,0.000,0.000,,,VIC,Melbourne,590008,2026/08/11 11:00:02
2026/08/06,VTS,530110,PIPE,47.778,0.000,17.584,0.009,,,VIC,Gippsland,590009,2026/08/11 11:00:02
2026/08/06,VTS,530110,PIPE,0.000,0.000,0.000,27.320,,,NSW,Culcairn,590016,2026/08/11 11:00:02
2026/08/06,Wallumbilla Compression Station,544280,COMPRESSOR,0.000,0.000,0.000,0.000,,,QLD,Wallumbilla Hub,540032,2026/08/07 11:43:07
2026/08/06,WCFA,540045,COMPRESSOR,0.000,0.000,323.341,323.341,,,QLD,Wallumbilla Hub,540032,2026/08/07 12:46:30
2026/08/06,WCFB,540046,COMPRESSOR,0.000,0.000,126.332,126.332,,,QLD,Wallumbilla Hub,540032,2026/08/07 12:46:30
2026/08/06,Weddell Power Station,580232,BBGPG,10.599,0.000,0.000,0.000,,,NT,Darwin,580001,2026/08/07 12:46:30
2026/08/06,WGP,540091,PIPE,1517.150,0.000,0.000,0.000,,,QLD,Curtis Island,540030,2026/08/07 10:36:18
2026/08/06,WGP,540091,PIPE,0.000,1527.964,0.000,0.000,,,QLD,Regional - QLD,590001,2026/08/07 10:36:18
2026/08/06,Whyalla Steelworks,555085,BBLARGE,4.702,0.000,0.000,0.000,,,SA,Regional - SA,590013,2026/08/07 11:31:09
2026/08/06,Windibri,540069,PROD,0.000,65.065,0.000,0.000,,,QLD,Regional - QLD,590001,2026/08/07 10:36:18
2026/08/06,Woleebee Creek,540087,PROD,0.000,644.112,0.000,0.000,,,QLD,Regional - QLD,590001,2026/08/07 10:36:18
2026/08/06,WPP,580030,PIPE,10.599,25.130,0.000,14.528,,,NT,Darwin,580001,2026/08/07 12:46:30
2026/08/06,Yarwun,544282,BBGPG,67.959,0.000,0.000,0.000,,,QLD,Regional - QLD,590001,2026/08/07 12:01:06
2026/08/06,Yelcherr,580180,PROD,0.000,0.000,0.000,0.000,,,NT,Regional - NT,590017,2026/08/07 12:46:30
2026/08/06,Yellowbank,540074,PROD,0.000,11.886,0.000,0.000,,,QLD,Regional - QLD,590001,2026/08/07 12:01:06
2026/08/07,Adelaide Brighton,555091,BBLARGE,9.347,0.000,0.000,0.000,,,SA,Adelaide,550016,2026/09/01 13:00:01
2026/08/07,AGP,580010,PIPE,19.956,0.000,13.154,0.000,,,NT,Darwin,580001,2026/08/09 13:27:48
2026/08/07,AGP,580010,PIPE,6.822,32.217,0.515,17.858,,,NT,Regional - NT,590017,2026/08/09 13:27:48
2026/08/07,APLNG Pipeline,540093,PIPE,1303.359,0.000,0.000,0.000,,,QLD,Curtis Island,540030,2026/08/12 12:34:38
2026/08/07,APLNG Pipeline,540093,PIPE,0.000,1248.528,295.660,255.023,,,QLD,Regional - QLD,590001,2026/08/12 12:34:38
2026/08/07,Arcadia,540101,PROD,0.000,92.981,0.000,0.000,,,QLD,Regional - QLD,590001,2026/08/08 10:43:30
2026/08/07,ATGP,640013,PIPE,0.000,43.503,0.000,43.503,,,QLD,Regional - QLD,590001,2026/08/08 12:01:14
2026/08/07,ATHENA,535014,PROD,0.000,17.293,0.000,0.000,,,VIC,Iona Hub,530016,2026/08/12 09:32:54
2026/08/07,Atlas,544261,PROD,0.000,43.503,0.000,0.000,,,QLD,Regional - QLD,590001,2026/08/08 12:01:37
2026/08/07,Atlas East Central Processing Facility,640008,PROD,0.000,31.500,0.000,0.000,,,QLD,Regional - QLD,590001,2026/08/08 09:10:36
2026/08/07,Atlas to Reedy Creek Pipeline,640007,PIPE,0.000,31.539,0.000,31.259,,,QLD,Regional - QLD,590001,2026/08/09 13:27:48
2026/08/07,Australia Pacific LNG,544273,LNGEXPORT,1303.360,0.000,0.000,0.000,,,QLD,Curtis Island,540030,2026/08/08 12:00:25
2026/08/07,Australian Paper (Opal),535021,BBLARGE,12.840,0.000,0.000,0.000,,,VIC,Gippsland,590009,2026/08/11 11:00:02
2026/08/07,B1PL,540077,PIPE,0.032,41.490,0.000,31.527,,,QLD,Regional - QLD,590001,2026/08/08 11:00:54
2026/08/07,B2PL,540071,PIPE,0.000,1.863,0.000,31.706,,,QLD,Regional - QLD,590001,2026/08/08 12:30:09
2026/08/07,Bairnsdale Power Station,535020,BBGPG,0.000,0.000,0.000,0.000,,,VIC,Regional - VIC,590012,2026/08/08 11:00:49
2026/08/07,BCF,540047,COMPRESSOR,0.000,0.000,62.600,62.600,,,QLD,Regional - QLD,590001,2026/08/12 14:29:23
2026/08/07,Bell Bay CCGT,577016,BBGPG,33.707,0.000,0.000,0.000,,,TAS,Regional - TAS,590014,2026/08/09 12:01:00
2026/08/07,Bell Bay GGT,577014,BBGPG,0.000,0.000,0.000,0.000,,,TAS,Regional - TAS,590014,2026/08/09 12:01:00
2026/08/07,Bell Bay OCGT,577015,BBGPG,0.000,0.000,0.000,0.000,,,TAS,Regional - TAS,590014,2026/08/09 12:01:00
2026/08/07,Bellevue,540083,PROD,0.000,174.690,0.000,0.000,,,QLD,Regional - QLD,590001,2026/08/08 10:35:44
2026/08/07,BGP,580020,PIPE,0.285,0.000,0.000,0.000,,,NT,Regional - NT,590017,2026/08/09 13:27:48
2026/08/07,BlueScope,523204,BBLARGE,11.246,0.000,0.000,0.000,,,NSW,Sydney,520008,2026/08/08 12:01:05
2026/08/07,Bolivar,555008,BBGPG,0.000,0.000,0.000,0.000,,,SA,Regional - SA,590013,2026/08/08 12:04:29
2026/08/07,Bomaderry Gas Pipeline,523202,PIPE,22.775,0.000,22.775,0.000,,,NSW,Regional - NSW,590011,2026/08/09 12:25:01
2026/08/07,BPP,530030,PIPE,2.930,20.280,0.000,17.351,,,VIC,Gippsland,590009,2026/08/11 11:00:02
2026/08/07,Braemar 2 Power Station,544085,BBGPG,0.000,0.000,0.000,0.000,,,QLD,Regional - QLD,590001,2026/08/08 12:30:09
2026/08/07,Braemar Power Station,544252,BBGPG,0.032,0.000,0.000,0.000,,,QLD,Regional - QLD,590001,2026/08/08 11:00:54
2026/08/07,BWP,540096,PIPE,0.000,0.000,0.000,133.137,,,QLD,Wallumbilla Hub,540032,2026/08/09 13:27:48
2026/08/07,BWP,540096,PIPE,0.000,136.051,0.000,0.000,,,QLD,Regional - QLD,590001,2026/08/09 13:27:48
2026/08/07,CGP,540059,PIPE,0.000,0.000,62.626,0.000,,,QLD,Ballera,540078,2026/08/09 13:27:48
2026/08/07,CGP,540059,PIPE,64.032,0.000,0.000,0.000,,,QLD,Regional - QLD,590001,2026/08/09 13:27:48
2026/08/07,Channel Island Power Station,580231,BBGPG,19.956,0.000,0.000,0.000,,,NT,Darwin,580001,2026/08/09 13:27:48
2026/08/07,Colongra,523120,BBGPG,0.000,0.000,0.000,0.000,,,NSW,Regional - NSW,590011,2026/08/08 12:00:05
2026/08/07,ColongraGP,520090,PIPE,0.000,0.000,0.000,0.000,,,NSW,Sydney,520008,2026/08/08 12:00:05
2026/08/07,ColongraGP,520090,PIPE,0.000,0.000,0.000,0.000,,,NSW,Regional - NSW,590011,2026/08/08 12:00:05
2026/08/07,Combabula,540094,PROD,0.000,293.440,0.000,0.000,,,QLD,Regional - QLD,590001,2026/08/12 12:34:38
2026/08/07,Condabri Central,540080,PROD,0.000,135.077,0.000,0.000,,,QLD,Regional - QLD,590001,2026/08/12 12:34:38
2026/08/07,Condabri North,540090,PROD,0.000,77.274,0.000,0.000,,,QLD,Regional - QLD,590001,2026/08/12 12:34:38
2026/08/07,Condabri South,540086,PROD,0.000,156.738,0.000,0.000,,,QLD,Regional - QLD,590001,2026/08/12 12:34:38
2026/08/07,Condamine Power Station,544274,BBGPG,1.011,0.000,0.000,0.000,,,QLD,Regional - QLD,590001,2026/08/08 10:35:49
2026/08/07,CRWP,540098,PIPE,0.000,0.000,200.653,0.000,,,QLD,Wallumbilla Hub,540032,2026/08/08 10:43:07
2026/08/07,CRWP,540098,PIPE,0.000,235.959,39.015,473.147,,,QLD,Regional - QLD,590001,2026/08/08 10:43:07
2026/08/07,CWP,520054,PIPE,6.830,0.000,7.446,0.000,,,NSW,Regional - NSW,590011,2026/08/09 13:27:48
2026/08/07,Daandine,540050,PROD,0.000,33.569,0.000,0.000,,,QLD,Regional - QLD,590001,2026/08/08 12:30:09
2026/08/07,Dandenong LNG,530038,STOR,0.000,0.275,0.000,0.000,612.604,27.889,VIC,Melbourne,590008,2026/08/09 13:27:48
2026/08/07,DDP,540097,PIPE,0.000,0.000,0.000,193.993,,,QLD,Wallumbilla Hub,540032,2026/08/08 12:01:12
2026/08/07,DDP,540097,PIPE,20.517,342.067,133.131,263.351,,,QLD,Regional - QLD,590001,2026/08/08 12:01:12
2026/08/07,DDPS,544027,BBGPG,20.517,0.000,0.000,0.000,,,QLD,Regional - QLD,590001,2026/08/08 12:01:12
2026/08/07,Diamantina Power Station,544077,BBGPG,28.161,0.000,0.000,0.000,,,QLD,Regional - QLD,590001,2026/08/09 13:27:48
2026/08/07,Dry Creek Power Station,555026,BBGPG,0.000,0.000,0.000,0.000,,,SA,Regional - SA,590013,2026/08/08 11:31:05
2026/08/07,EGP,520047,PIPE,118.959,0.000,0.000,0.000,,,NSW,Sydney,520008,2026/08/08 12:01:05
2026/08/07,EGP,520047,PIPE,16.686,0.000,0.000,0.000,,,NSW,Canberra,520009,2026/08/08 12:01:05
2026/08/07,EGP,520047,PIPE,0.000,169.400,0.000,103.298,,,VIC,Longford Hub,530015,2026/08/08 12:01:05
2026/08/07,EGP,520047,PIPE,5.692,0.000,0.000,22.775,,,NSW,Regional - NSW,590011,2026/08/08 12:01:05
2026/08/07,EGP,520047,PIPE,1.019,73.534,0.000,0.000,,,VIC,Regional - VIC,590012,2026/08/08 12:01:05
2026/08/07,EO4PL,540055,PIPE,0.000,0.000,0.000,0.000,,,QLD,Regional - QLD,590001,2026/08/08 10:35:44
2026/08/07,Eurombah Creek,540089,PROD,0.000,150.411,0.000,0.000,,,QLD,Regional - QLD,590001,2026/08/12 12:34:38
2026/08/07,Fairview,540070,PROD,0.000,284.194,0.000,0.000,,,QLD,Regional - QLD,590001,2026/08/08 10:43:30
2026/08/07,GLNG (Curtis Island),544276,LNGEXPORT,814.907,0.000,0.000,0.000,,,QLD,Curtis Island,540030,2026/08/08 10:43:07
2026/08/07,GLNG Pipeline,540092,PIPE,814.907,0.000,0.000,0.000,,,QLD,Curtis Island,540030,2026/08/08 10:43:07
2026/08/07,GLNG Pipeline,540092,PIPE,0.000,420.303,473.147,32.310,,,QLD,Regional - QLD,590001,2026/08/08 10:35:44
2026/08/07,Hallett,555029,BBGPG,0.000,0.000,0.000,0.000,,,SA,Regional - SA,590013,2026/08/08 11:31:05
2026/08/07,Hunter Power Station,523210,BBGPG,0.009,0.000,0.000,0.000,,,NSW,Sydney,520008,2026/08/09 13:27:48
2026/08/07,ICF,530071,COMPRESSOR,0.000,0.000,9.000,9.000,,,VIC,Iona Hub,530016,2026/08/08 08:35:03
2026/08/07,Iona UGS,530042,STOR,42.367,94.750,0.000,0.000,14421.920,0.000,VIC,Iona Hub,530016,2026/08/08 08:30:02
2026/08/07,Jeerelang,533161,BBGPG,0.000,0.000,0.000,0.000,,,VIC,Gippsland,590009,2026/08/11 11:00:02
2026/08/07,Jordan,540088,PROD,0.000,334.478,0.000,0.000,,,QLD,Regional - QLD,590001,2026/08/08 10:35:44
2026/08/07,Katherine Power Station,580233,BBGPG,0.000,0.000,0.000,0.000,,,NT,Regional - NT,590017,2026/08/09 13:27:48
2026/08/07,Kenya,540075,PROD,0.000,115.729,0.000,0.000,,,QLD,Regional - QLD,590001,2026/08/08 10:35:44
2026/08/07,Kincora,544253,PROD,0.000,4.000,0.000,0.000,,,QLD,Regional - QLD,590001,2026/08/09 13:27:48
2026/08/07,KKLP,523209,PIPE,0.009,0.000,0.000,0.000,,,NSW,Sydney,520008,2026/08/09 13:27:48
2026/08/07,Kogan North,540061,PROD,0.000,4.350,0.000,0.000,,,QLD,Regional - QLD,590001,2026/08/09 13:27:48
2026/08/07,Ladbroke Grove PS,555086,BBGPG,8.939,0.000,0.000,0.000,,,SA,Regional - SA,590013,2026/08/09 13:27:48
2026/08/07,Lang Lang,530039,PROD,0.000,20.280,0.000,0.000,,,VIC,Gippsland,590009,2026/08/08 08:00:08
2026/08/07,Laverton,533201,BBGPG,0.000,0.000,0.000,0.000,,,VIC,Geelong,590005,2026/08/11 11:00:02
2026/08/07,Longford,530040,PROD,0.000,542.375,0.000,0.000,,,VIC,Longford Hub,530015,2026/08/08 09:55:26
2026/08/07,Loy Yang B,533163,BBGPG,0.000,0.000,0.000,0.000,,,VIC,Gippsland,590009,2026/08/08 11:00:47
2026/08/07,LYB Transmission Pipeline,535023,PIPE,0.003,0.000,0.000,0.000,,,VIC,Gippsland,590009,2026/08/08 11:00:47
2026/08/07,MAPS,550054,PIPE,55.927,0.000,0.000,0.000,,,SA,Adelaide,550016,2026/08/08 11:31:05
2026/08/07,MAPS,550054,PIPE,0.000,32.216,149.001,0.000,,,SA,Moomba Hub,550017,2026/08/08 11:31:05
2026/08/07,MAPS,550054,PIPE,114.467,0.000,0.000,0.000,,,SA,Regional - SA,590013,2026/08/08 11:31:05
2026/08/07,McArthur River Mine,580220,BBGPG,8.799,0.000,0.000,0.000,,,NT,Regional - NT,590017,2026/08/08 09:26:19
2026/08/07,MCF,550050,COMPRESSOR,0.000,0.000,0.000,0.000,,,SA,Moomba Hub,550017,2026/08/09 13:27:48
2026/08/07,Mereenie,580040,PROD,0.000,26.518,0.000,0.000,,,NT,Regional - NT,590017,2026/08/08 11:42:30
2026/08/07,Meridian,540064,PROD,0.000,46.378,0.000,0.000,,,QLD,Regional - QLD,590001,2026/08/08 09:38:52
2026/08/07,Mintaro Power Station,555031,BBGPG,0.000,0.000,0.000,0.000,,,SA,Regional - SA,590013,2026/08/08 11:31:05
2026/08/07,Moomba,550045,PROD,0.000,180.500,0.000,0.000,,,SA,Moomba Hub,550017,2026/08/12 14:29:23
2026/08/07,Moomba Storage,550046,STOR,0.000,0.000,0.000,0.000,6305.600,0.000,SA,Moomba Hub,550017,2026/08/12 14:29:23
2026/08/07,Mortlake PS,530063,BBGPG,11.245,0.000,0.000,0.000,,,VIC,Regional - VIC,590012,2026/08/08 07:20:00
2026/08/07,MPL,530061,PIPE,0.000,0.000,31.137,0.000,,,VIC,Iona Hub,530016,2026/08/08 07:20:00
2026/08/07,MPL,530061,PIPE,11.245,0.000,0.000,0.000,,,VIC,Regional - VIC,590012,2026/08/08 07:20:00
2026/08/07,MRP,580100,PIPE,8.799,0.000,8.800,0.000,,,NT,Regional - NT,590017,2026/08/08 09:26:19
2026/08/07,MSP,520053,PIPE,143.682,0.000,0.000,0.000,,,NSW,Sydney,520008,2026/08/09 13:27:48
2026/08/07,MSP,520053,PIPE,0.000,0.000,230.724,0.700,,,SA,Moomba Hub,550017,2026/08/09 13:27:48
2026/08/07,MSP,520053,PIPE,60.384,0.000,0.000,7.446,,,NSW,Regional - NSW,590011,2026/08/09 13:27:48
2026/08/07,MSP,520053,PIPE,20.968,0.000,0.000,0.000,,,NSW,Regional - ACT,590015,2026/08/09 13:27:48
2026/08/07,MSP,520053,PIPE,0.000,0.000,22.897,0.000,,,NSW,Culcairn,590016,2026/08/09 13:27:48
2026/08/07,Newport,533171,BBGPG,0.005,0.000,0.000,0.000,,,VIC,Melbourne,590008,2026/08/11 11:00:02
2026/08/07,NGP,580050,PIPE,0.000,0.000,0.000,0.000,,,QLD,Regional - QLD,590001,2026/08/08 12:01:16
2026/08/07,NGP,580050,PIPE,0.000,0.000,0.000,0.000,,,NT,Regional - NT,590017,2026/08/08 12:01:16
2026/08/07,NGS,520060,STOR,0.140,0.547,0.000,0.000,680.009,76.810,NSW,Sydney,520008,2026/08/08 08:34:49
2026/08/07,Oakey PS,544095,BBGPG,0.000,0.000,0.000,0.000,,,QLD,Regional - QLD,590001,2026/08/09 13:27:48
2026/08/07,Orana,540084,PROD,0.000,170.239,0.000,0.000,,,QLD,Regional - QLD,590001,2026/08/12 12:34:38
2026/08/07,Orbost,530041,PROD,0.000,73.534,0.000,0.000,,,VIC,Regional - VIC,590012,2026/08/08 12:01:05
2026/08/07,Orica,544011,BBLARGE,9.605,0.000,0.000,0.000,,,QLD,Regional - QLD,590001,2026/08/08 12:01:10
2026/08/07,Orica (Kooragang Island),523206,BBLARGE,39.250,0.000,0.000,0.000,,,NSW,Sydney,520008,2026/08/08 13:00:00
2026/08/07,Osborne,555033,BBGPG,22.861,0.000,0.000,0.000,,,SA,Regional - SA,590013,2026/08/08 11:31:05
2026/08/07,Otway,530044,PROD,0.000,173.580,0.000,0.000,,,VIC,Iona Hub,530016,2026/08/08 11:22:29
2026/08/07,Owen Springs Power Station,580235,BBGPG,0.581,0.000,0.000,0.000,,,NT,Regional - NT,590017,2026/08/08 06:41:45
2026/08/07,Palm Valley,580060,PROD,0.000,5.699,0.000,0.000,,,NT,Regional - NT,590017,2026/08/08 11:42:30
2026/08/07,PCA,550052,PIPE,0.000,12.973,73.737,0.000,,,VIC,Iona Hub,530016,2026/08/08 07:20:01
2026/08/07,PCA,550052,PIPE,1.901,0.000,0.000,0.000,,,SA,Adelaide,550016,2026/08/08 07:20:01
2026/08/07,PCA,550052,PIPE,0.000,0.000,0.000,15.199,,,VIC,Regional - VIC,590012,2026/08/08 07:20:01
2026/08/07,PCA,550052,PIPE,27.231,0.000,0.000,0.000,,,SA,Regional - SA,590013,2026/08/08 07:20:01
2026/08/07,PCI,530060,PIPE,0.000,184.896,0.000,184.896,,,VIC,Iona Hub,530016,2026/08/08 07:20:01
2026/08/07,Peat,540065,PROD,0.000,11.813,0.000,0.000,,,QLD,Regional - QLD,590001,2026/08/12 12:34:38
2026/08/07,Pelican Point Power Station,555089,BBGPG,39.641,0.000,0.000,0.000,,,SA,Regional - SA,590013,2026/08/08 07:20:01
2026/08/07,Phosphate Hill,544081,BBLARGE,26.123,0.000,0.000,0.000,,,QLD,Regional - QLD,590001,2026/08/09 13:27:48
2026/08/07,Pipeline Compression Station,544279,COMPRESSOR,0.000,0.000,0.000,0.000,,,QLD,Regional - QLD,590001,2026/08/08 10:43:07
2026/08/07,PVP,580070,PIPE,1.051,0.000,1.145,0.000,,,NT,Regional - NT,590017,2026/08/08 06:41:45
2026/08/07,QCLNG LNG Plant,544272,LNGEXPORT,1498.389,0.000,0.000,0.000,,,QLD,Curtis Island,540030,2026/08/08 10:35:44
2026/08/07,QGP,540058,PIPE,0.000,0.000,26.823,0.000,,,QLD,Wallumbilla Hub,540032,2026/08/08 12:01:10
2026/08/07,QGP,540058,PIPE,121.983,23.271,76.885,0.000,,,QLD,Regional - QLD,590001,2026/08/08 12:01:10
2026/08/07,Quarantine Power Station,555087,BBGPG,16.051,0.000,0.000,0.000,,,SA,Regional - SA,590013,2026/08/08 11:31:05
2026/08/07,Queensland Aluminia,544012,BBLARGE,27.100,0.000,0.000,0.000,,,QLD,Regional - QLD,590001,2026/08/08 12:01:10
2026/08/07,RBP,540057,PIPE,0.000,0.000,0.000,32.299,,,QLD,Wallumbilla Hub,540032,2026/08/09 13:27:48
2026/08/07,RBP,540057,PIPE,3.624,36.992,69.533,0.000,,,QLD,Regional - QLD,590001,2026/08/09 13:27:48
2026/08/07,RBP,540057,PIPE,71.374,0.000,0.000,0.000,,,QLD,Brisbane,590002,2026/08/09 13:27:48
2026/08/07,RCWP,540102,PIPE,0.000,0.000,0.000,119.873,,,QLD,Wallumbilla Hub,540032,2026/08/09 13:27:48
2026/08/07,RCWP,540102,PIPE,0.000,0.000,119.536,0.000,,,QLD,Regional - QLD,590001,2026/08/09 13:27:48
2026/08/07,Reedy Creek,540085,PROD,0.000,200.155,0.000,0.000,,,QLD,Regional - QLD,590001,2026/08/12 12:34:38
2026/08/07,RMNGPF,640011,PROD,0.000,16.220,0.000,0.000,,,QLD,Regional - QLD,590001,2026/08/08 09:09:17
2026/08/07,RNMGP,640012,PIPE,0.000,16.220,0.000,16.220,,,QLD,Regional - QLD,590001,2026/08/08 09:09:17
2026/08/07,RNP,640009,PIPE,0.000,22.795,0.000,22.795,,,QLD,Regional - QLD,590001,2026/08/08 12:01:11
2026/08/07,Rolleston,540073,PROD,0.000,8.363,0.000,0.000,,,QLD,Regional - QLD,590001,2026/08/08 12:01:10
2026/08/07,Roma,540095,PROD,0.000,235.959,0.000,0.000,,,QLD,Regional - QLD,590001,2026/08/08 10:58:05
2026/08/07,Roma North,544260,PROD,0.000,22.795,0.000,0.000,,,QLD,Regional - QLD,590001,2026/08/08 12:01:37
2026/08/07,Roma Power Station,540120,BBGPG,0.000,0.000,0.000,0.000,,,QLD,Regional - QLD,590001,2026/08/08 11:06:57
2026/08/07,Ron Goodin Power Station,580234,BBGPG,0.000,0.000,0.000,0.000,,,NT,Regional - NT,590017,2026/08/08 06:41:45
2026/08/07,RPL,540110,PIPE,0.067,0.000,0.000,0.000,,,QLD,Regional - QLD,590001,2026/08/08 11:06:57
2026/08/07,Ruby Jo,540082,PROD,0.000,442.389,0.000,0.000,,,QLD,Regional - QLD,590001,2026/08/08 10:35:44
2026/08/07,RUGS,540040,STOR,0.000,2.760,0.000,0.000,15159.700,0.000,QLD,Regional - QLD,590001,2026/08/08 10:58:05
2026/08/07,Scotia,540072,PROD,0.000,97.496,0.000,0.000,,,QLD,Regional - QLD,590001,2026/08/08 10:58:05
2026/08/07,SEPS,550061,PIPE,5.915,0.000,5.931,0.000,,,SA,Regional - SA,590013,2026/08/08 11:32:05
2026/08/07,SESA,550060,PIPE,0.000,0.000,15.198,0.000,,,VIC,Regional - VIC,590012,2026/08/09 13:27:48
2026/08/07,SESA,550060,PIPE,8.939,0.000,0.000,5.918,,,SA,Regional - SA,590013,2026/08/09 13:27:48
2026/08/07,Shoalhaven Starches Cogeneration Plant,523203,BBLARGE,22.532,0.000,0.000,0.000,,,NSW,Regional - NSW,590011,2026/08/09 12:25:01
2026/08/07,Smithfield Energy Facility,522004,BBGPG,0.000,0.000,0.000,0.000,,,NSW,Regional - NSW,590011,2026/08/08 12:04:36
2026/08/07,Snapper Point,555090,BBGPG,0.000,0.000,0.000,0.000,,,SA,Regional - SA,590013,2026/08/08 11:31:05
2026/08/07,Somerton,533174,BBGPG,12.899,0.000,0.000,0.000,,,VIC,Melbourne,590008,2026/08/11 11:00:02
2026/08/07,Spring Gully,540066,PROD,0.000,29.313,0.000,0.000,,,QLD,Regional - QLD,590001,2026/08/12 12:34:38
2026/08/07,SSP,540103,PIPE,0.000,6.300,0.000,6.300,,,QLD,Regional - QLD,590001,2026/08/08 13:03:29
2026/08/07,SSSF,540062,STOR,0.000,7.470,0.000,0.000,8624.252,0.000,QLD,Regional - QLD,590001,2026/08/08 13:03:29
2026/08/07,Strathblane,540067,PROD,0.000,55.626,0.000,0.000,,,QLD,Regional - QLD,590001,2026/08/12 12:34:38
2026/08/07,Swanbank Power Station,544104,BBGPG,23.861,0.000,0.000,0.000,,,QLD,Brisbane,590002,2026/08/09 13:27:48
2026/08/07,SWQP,540060,PIPE,0.000,0.000,479.302,227.476,,,QLD,Wallumbilla Hub,540032,2026/08/09 13:27:48
2026/08/07,SWQP,540060,PIPE,0.000,0.000,0.000,67.627,,,QLD,Ballera,540078,2026/08/09 13:27:48
2026/08/07,SWQP,540060,PIPE,0.000,148.297,0.000,379.025,,,SA,Moomba Hub,550017,2026/08/09 13:27:48
2026/08/07,SWQP,540060,PIPE,0.113,0.000,0.000,0.000,,,QLD,Regional - QLD,590001,2026/08/09 13:27:48
2026/08/07,Talinga,540076,PROD,0.000,86.813,0.000,0.000,,,QLD,Regional - QLD,590001,2026/08/12 12:34:38
2026/08/07,Tallawarra,522002,BBGPG,0.000,0.000,0.000,0.000,,,NSW,Regional - NSW,590011,2026/08/08 11:00:09
2026/08/07,Tallawarra Pipeline,523201,PIPE,0.000,0.000,0.000,0.000,,,NSW,Regional - NSW,590011,2026/08/08 11:00:09
2026/08/07,Taloona,540068,PROD,0.000,44.262,0.000,0.000,,,QLD,Regional - QLD,590001,2026/08/12 12:34:38
2026/08/07,Tanami GP,580210,PIPE,8.317,0.000,7.900,0.000,,,NT,Regional - NT,590017,2026/08/08 12:02:00
2026/08/07,TGP,570050,PIPE,0.000,0.000,77.945,32.660,,,VIC,Longford Hub,530015,2026/08/09 12:01:00
2026/08/07,TGP,570050,PIPE,51.919,0.000,0.000,0.000,,,TAS,Regional - TAS,590014,2026/08/09 12:01:00
2026/08/07,Tipton,540051,PROD,0.000,41.490,0.000,0.000,,,QLD,Regional - QLD,590001,2026/08/08 12:30:09
2026/08/07,Torrens Island PS,555041,BBGPG,42.739,0.000,0.000,0.000,,,SA,Regional - SA,590013,2026/08/08 11:31:05
2026/08/07,Uranquinty Power Station,522047,BBGPG,17.737,0.000,0.000,0.000,,,NSW,Regional - NSW,590011,2026/08/09 13:27:48
2026/08/07,Valley Power GPG,535024,BBGPG,0.003,0.000,0.000,0.000,,,VIC,Gippsland,590009,2026/08/08 11:00:47
2026/08/07,VicHub,532005,PIPE,0.000,0.000,25.341,25.341,,,VIC,Longford Hub,530015,2026/08/08 12:02:05
2026/08/07,Viva Energy Refinery,535018,BBLARGE,12.295,0.000,0.000,0.000,,,VIC,Geelong,590005,2026/08/08 07:30:16
2026/08/07,VTS,530110,PIPE,0.000,371.746,58.017,0.000,,,VIC,Longford Hub,530015,2026/08/11 11:00:02
2026/08/07,VTS,530110,PIPE,0.000,45.424,80.023,0.000,,,VIC,Iona Hub,530016,2026/08/11 11:00:02
2026/08/07,VTS,530110,PIPE,11.525,0.000,0.000,0.000,,,VIC,Western,590004,2026/08/11 11:00:02
2026/08/07,VTS,530110,PIPE,63.948,0.000,0.000,0.000,,,VIC,Geelong,590005,2026/08/11 11:00:02
2026/08/07,VTS,530110,PIPE,36.506,0.000,0.000,0.000,,,VIC,Ballarat,590006,2026/08/11 11:00:02
2026/08/07,VTS,530110,PIPE,59.442,0.000,0.000,0.000,,,VIC,Northern,590007,2026/08/11 11:00:02
2026/08/07,VTS,530110,PIPE,358.210,0.197,0.000,0.000,,,VIC,Melbourne,590008,2026/08/11 11:00:02
2026/08/07,VTS,530110,PIPE,42.518,0.000,17.351,0.000,,,VIC,Gippsland,590009,2026/08/11 11:00:02
2026/08/07,VTS,530110,PIPE,0.000,0.000,0.000,22.897,,,NSW,Culcairn,590016,2026/08/11 11:00:02
2026/08/07,Wallumbilla Compression Station,544280,COMPRESSOR,0.000,0.000,0.000,0.000,,,QLD,Wallumbilla Hub,540032,2026/08/08 10:43:07
2026/08/07,WCFA,540045,COMPRESSOR,0.000,0.000,357.544,357.544,,,QLD,Wallumbilla Hub,540032,2026/08/09 13:27:48
2026/08/07,WCFB,540046,COMPRESSOR,0.000,0.000,111.459,111.459,,,QLD,Wallumbilla Hub,540032,2026/08/09 13:27:48
2026/08/07,Weddell Power Station,580232,BBGPG,12.120,0.000,0.000,0.000,,,NT,Darwin,580001,2026/08/09 13:27:48
2026/08/07,WGP,540091,PIPE,1498.389,0.000,0.000,0.000,,,QLD,Curtis Island,540030,2026/08/08 10:35:44
2026/08/07,WGP,540091,PIPE,0.000,1532.051,0.000,0.000,,,QLD,Regional - QLD,590001,2026/08/08 10:35:44
2026/08/07,Whyalla Steelworks,555085,BBLARGE,4.134,0.000,0.000,0.000,,,SA,Regional - SA,590013,2026/08/08 11:31:05
2026/08/07,Windibri,540069,PROD,0.000,70.655,0.000,0.000,,,QLD,Regional - QLD,590001,2026/08/08 10:35:44
2026/08/07,Woleebee Creek,540087,PROD,0.000,643.402,0.000,0.000,,,QLD,Regional - QLD,590001,2026/08/08 10:35:44
2026/08/07,WPP,580030,PIPE,12.120,25.269,0.000,13.154,,,NT,Darwin,580001,2026/08/09 13:27:48
2026/08/07,Yarwun,544282,BBGPG,67.483,0.000,0.000,0.000,,,QLD,Regional - QLD,590001,2026/08/08 12:01:10
2026/08/07,Yelcherr,580180,PROD,0.000,0.000,0.000,0.000,,,NT,Regional - NT,590017,2026/08/09 13:27:48
2026/08/07,Yellowbank,540074,PROD,0.000,11.658,0.000,0.000,,,QLD,Regional - QLD,590001,2026/08/08 12:01:10
2026/08/08,Adelaide Brighton,555091,BBLARGE,8.490,0.000,0.000,0.000,,,SA,Adelaide,550016,2026/09/01 13:00:01
2026/08/08,AGP,580010,PIPE,19.558,0.000,14.944,0.000,,,NT,Darwin,580001,2026/08/09 13:32:30
2026/08/08,AGP,580010,PIPE,6.696,31.975,0.662,17.374,,,NT,Regional - NT,590017,2026/08/09 13:32:30
2026/08/08,APLNG Pipeline,540093,PIPE,1366.090,0.000,0.000,0.000,,,QLD,Curtis Island,540030,2026/08/13 11:41:35
2026/08/08,APLNG Pipeline,540093,PIPE,0.000,1237.624,336.397,139.212,,,QLD,Regional - QLD,590001,2026/08/13 11:41:35
2026/08/08,Arcadia,540101,PROD,0.000,92.947,0.000,0.000,,,QLD,Regional - QLD,590001,2026/08/09 11:41:49
2026/08/08,ATGP,640013,PIPE,0.000,43.558,0.000,43.558,,,QLD,Regional - QLD,590001,2026/08/09 12:01:13
2026/08/08,ATHENA,535014,PROD,0.000,17.261,0.000,0.000,,,VIC,Iona Hub,530016,2026/08/14 09:53:02
2026/08/08,Atlas,544261,PROD,0.000,43.558,0.000,0.000,,,QLD,Regional - QLD,590001,2026/08/09 12:01:17
2026/08/08,Atlas East Central Processing Facility,640008,PROD,0.000,31.360,0.000,0.000,,,QLD,Regional - QLD,590001,2026/08/09 09:19:22
2026/08/08,Atlas to Reedy Creek Pipeline,640007,PIPE,0.000,31.365,0.000,31.232,,,QLD,Regional - QLD,590001,2026/08/09 13:32:30
2026/08/08,Australia Pacific LNG,544273,LNGEXPORT,1366.089,0.000,0.000,0.000,,,QLD,Curtis Island,540030,2026/08/09 12:00:25
2026/08/08,Australian Paper (Opal),535021,BBLARGE,14.499,0.000,0.000,0.000,,,VIC,Gippsland,590009,2026/08/11 11:00:02
2026/08/08,B1PL,540077,PIPE,0.031,41.404,0.000,33.511,,,QLD,Regional - QLD,590001,2026/08/09 11:27:59
2026/08/08,B2PL,540071,PIPE,0.000,1.566,0.000,32.150,,,QLD,Regional - QLD,590001,2026/08/09 12:38:50
2026/08/08,Bairnsdale Power Station,535020,BBGPG,0.000,0.000,0.000,0.000,,,VIC,Regional - VIC,590012,2026/08/09 11:28:02
2026/08/08,BCF,540047,COMPRESSOR,0.000,0.000,70.900,70.900,,,QLD,Regional - QLD,590001,2026/08/13 15:45:26
2026/08/08,Bell Bay CCGT,577016,BBGPG,26.912,0.000,0.000,0.000,,,TAS,Regional - TAS,590014,2026/08/10 12:01:00
2026/08/08,Bell Bay GGT,577014,BBGPG,0.000,0.000,0.000,0.000,,,TAS,Regional - TAS,590014,2026/08/10 12:01:00
2026/08/08,Bell Bay OCGT,577015,BBGPG,0.000,0.000,0.000,0.000,,,TAS,Regional - TAS,590014,2026/08/10 12:01:00
2026/08/08,Bellevue,540083,PROD,0.000,171.892,0.000,0.000,,,QLD,Regional - QLD,590001,2026/08/09 10:35:46
2026/08/08,BGP,580020,PIPE,0.291,0.000,0.000,0.000,,,NT,Regional - NT,590017,2026/08/09 13:32:30
2026/08/08,BlueScope,523204,BBLARGE,9.778,0.000,0.000,0.000,,,NSW,Sydney,520008,2026/08/09 12:01:05
2026/08/08,Bolivar,555008,BBGPG,0.000,0.000,0.000,0.000,,,SA,Regional - SA,590013,2026/08/09 12:02:43
2026/08/08,Bomaderry Gas Pipeline,523202,PIPE,0.000,0.000,22.532,0.000,,,NSW,Regional - NSW,590011,2026/08/09 12:01:05
2026/08/08,BPP,530030,PIPE,2.220,20.220,0.000,17.997,,,VIC,Gippsland,590009,2026/08/11 11:00:02
2026/08/08,Braemar 2 Power Station,544085,BBGPG,0.000,0.000,0.000,0.000,,,QLD,Regional - QLD,590001,2026/08/09 12:38:50
2026/08/08,Braemar Power Station,544252,BBGPG,0.031,0.000,0.000,0.000,,,QLD,Regional - QLD,590001,2026/08/09 11:27:59
2026/08/08,BWP,540096,PIPE,0.000,0.000,0.000,148.884,,,QLD,Wallumbilla Hub,540032,2026/08/09 13:32:30
2026/08/08,BWP,540096,PIPE,0.000,147.999,0.000,0.000,,,QLD,Regional - QLD,590001,2026/08/09 13:32:30
2026/08/08,CGP,540059,PIPE,0.000,0.000,70.894,0.000,,,QLD,Ballera,540078,2026/08/09 13:32:30
2026/08/08,CGP,540059,PIPE,63.749,0.000,0.000,0.000,,,QLD,Regional - QLD,590001,2026/08/09 13:32:30
2026/08/08,Channel Island Power Station,580231,BBGPG,19.558,0.000,0.000,0.000,,,NT,Darwin,580001,2026/08/09 13:32:30
2026/08/08,Colongra,523120,BBGPG,0.000,0.000,0.000,0.000,,,NSW,Regional - NSW,590011,2026/08/09 12:00:05
2026/08/08,ColongraGP,520090,PIPE,0.000,0.000,0.000,0.000,,,NSW,Sydney,520008,2026/08/09 12:00:05
2026/08/08,ColongraGP,520090,PIPE,0.000,0.000,0.000,0.000,,,NSW,Regional - NSW,590011,2026/08/09 12:00:05
2026/08/08,Combabula,540094,PROD,0.000,293.226,0.000,0.000,,,QLD,Regional - QLD,590001,2026/08/13 11:41:35
2026/08/08,Condabri Central,540080,PROD,0.000,143.899,0.000,0.000,,,QLD,Regional - QLD,590001,2026/08/13 11:41:35
2026/08/08,Condabri North,540090,PROD,0.000,82.575,0.000,0.000,,,QLD,Regional - QLD,590001,2026/08/13 11:41:35
2026/08/08,Condabri South,540086,PROD,0.000,156.695,0.000,0.000,,,QLD,Regional - QLD,590001,2026/08/13 11:41:35
2026/08/08,Condamine Power Station,544274,BBGPG,0.000,0.000,0.000,0.000,,,QLD,Regional - QLD,590001,2026/08/09 10:35:53
2026/08/08,CRWP,540098,PIPE,0.000,0.000,233.813,0.000,,,QLD,Wallumbilla Hub,540032,2026/08/09 11:39:44
2026/08/08,CRWP,540098,PIPE,0.000,229.133,38.495,500.272,,,QLD,Regional - QLD,590001,2026/08/09 11:39:44
2026/08/08,CWP,520054,PIPE,5.046,0.000,5.083,0.000,,,NSW,Regional - NSW,590011,2026/08/09 13:32:30
2026/08/08,Daandine,540050,PROD,0.000,33.716,0.000,0.000,,,QLD,Regional - QLD,590001,2026/08/09 12:38:57
2026/08/08,Dandenong LNG,530038,STOR,0.000,0.286,0.000,0.000,612.249,27.889,VIC,Melbourne,590008,2026/08/09 13:32:30
2026/08/08,DDP,540097,PIPE,0.000,0.000,0.000,183.828,,,QLD,Wallumbilla Hub,540032,2026/08/09 12:01:12
2026/08/08,DDP,540097,PIPE,0.004,347.358,105.271,270.344,,,QLD,Regional - QLD,590001,2026/08/09 12:01:12
2026/08/08,DDPS,544027,BBGPG,0.004,0.000,0.000,0.000,,,QLD,Regional - QLD,590001,2026/08/09 12:01:12
2026/08/08,Diamantina Power Station,544077,BBGPG,29.396,0.000,0.000,0.000,,,QLD,Regional - QLD,590001,2026/08/09 13:32:30
2026/08/08,Dry Creek Power Station,555026,BBGPG,0.000,0.000,0.000,0.000,,,SA,Regional - SA,590013,2026/08/09 11:31:06
2026/08/08,EGP,520047,PIPE,115.098,0.000,0.000,0.000,,,NSW,Sydney,520008,2026/08/09 12:01:05
2026/08/08,EGP,520047,PIPE,16.546,0.000,0.000,0.000,,,NSW,Canberra,520009,2026/08/09 12:01:05
2026/08/08,EGP,520047,PIPE,0.000,212.299,0.000,93.540,,,VIC,Longford Hub,530015,2026/08/09 12:01:05
2026/08/08,EGP,520047,PIPE,5.363,0.000,0.000,22.532,,,NSW,Regional - NSW,590011,2026/08/09 12:01:05
2026/08/08,EGP,520047,PIPE,0.895,73.236,0.000,0.000,,,VIC,Regional - VIC,590012,2026/08/09 12:01:05
2026/08/08,EO4PL,540055,PIPE,0.000,0.000,0.000,0.000,,,QLD,Regional - QLD,590001,2026/08/09 10:35:46
2026/08/08,Eurombah Creek,540089,PROD,0.000,147.104,0.000,0.000,,,QLD,Regional - QLD,590001,2026/08/13 11:41:35
2026/08/08,Fairview,540070,PROD,0.000,283.723,0.000,0.000,,,QLD,Regional - QLD,590001,2026/08/09 11:41:49
2026/08/08,GLNG (Curtis Island),544276,LNGEXPORT,820.679,0.000,0.000,0.000,,,QLD,Curtis Island,540030,2026/08/09 11:39:44
2026/08/08,GLNG Pipeline,540092,PIPE,820.679,0.000,0.000,0.000,,,QLD,Curtis Island,540030,2026/08/09 11:39:44
2026/08/08,GLNG Pipeline,540092,PIPE,0.000,420.807,500.275,66.056,,,QLD,Regional - QLD,590001,2026/08/09 10:35:46
2026/08/08,Hallett,555029,BBGPG,0.000,0.000,0.000,0.000,,,SA,Regional - SA,590013,2026/08/09 11:31:06
2026/08/08,Hunter Power Station,523210,BBGPG,0.002,0.000,0.000,0.000,,,NSW,Sydney,520008,2026/08/09 13:32:30
2026/08/08,ICF,530071,COMPRESSOR,0.000,0.000,5.000,5.000,,,VIC,Iona Hub,530016,2026/08/09 08:35:03
2026/08/08,Iona UGS,530042,STOR,44.296,46.468,0.000,0.000,14419.748,0.000,VIC,Iona Hub,530016,2026/08/09 08:30:21
2026/08/08,Jeerelang,533161,BBGPG,0.000,0.000,0.000,0.000,,,VIC,Gippsland,590009,2026/08/11 11:00:02
2026/08/08,Jordan,540088,PROD,0.000,333.546,0.000,0.000,,,QLD,Regional - QLD,590001,2026/08/09 10:35:46
2026/08/08,Katherine Power Station,580233,BBGPG,0.002,0.000,0.000,0.000,,,NT,Regional - NT,590017,2026/08/09 13:32:30
2026/08/08,Kenya,540075,PROD,0.000,125.828,0.000,0.000,,,QLD,Regional - QLD,590001,2026/08/09 10:35:46
2026/08/08,Kincora,544253,PROD,0.000,4.000,0.000,0.000,,,QLD,Regional - QLD,590001,2026/08/09 13:32:30
2026/08/08,KKLP,523209,PIPE,0.002,0.000,0.000,0.000,,,NSW,Sydney,520008,2026/08/09 13:32:30
2026/08/08,Kogan North,540061,PROD,0.000,4.169,0.000,0.000,,,QLD,Regional - QLD,590001,2026/08/09 13:32:30
2026/08/08,Ladbroke Grove PS,555086,BBGPG,0.000,0.000,0.000,0.000,,,SA,Regional - SA,590013,2026/08/09 13:32:30
2026/08/08,Lang Lang,530039,PROD,0.000,20.220,0.000,0.000,,,VIC,Gippsland,590009,2026/08/09 12:29:34
2026/08/08,Laverton,533201,BBGPG,0.000,0.000,0.000,0.000,,,VIC,Geelong,590005,2026/08/11 11:00:02
2026/08/08,Longford,530040,PROD,0.000,643.423,0.000,0.000,,,VIC,Longford Hub,530015,2026/08/09 07:59:55
2026/08/08,Loy Yang B,533163,BBGPG,0.072,0.000,0.000,0.000,,,VIC,Gippsland,590009,2026/08/09 12:32:00
2026/08/08,LYB Transmission Pipeline,535023,PIPE,0.081,0.000,0.027,0.000,,,VIC,Gippsland,590009,2026/08/09 12:32:00
2026/08/08,MAPS,550054,PIPE,27.452,0.000,0.000,0.000,,,SA,Adelaide,550016,2026/08/09 11:31:06
2026/08/08,MAPS,550054,PIPE,0.000,34.150,33.049,0.000,,,SA,Moomba Hub,550017,2026/08/09 11:31:06
2026/08/08,MAPS,550054,PIPE,35.320,0.000,0.000,0.000,,,SA,Regional - SA,590013,2026/08/09 11:31:06
2026/08/08,McArthur River Mine,580220,BBGPG,9.015,0.000,0.000,0.000,,,NT,Regional - NT,590017,2026/08/09 08:46:17
2026/08/08,MCF,550050,COMPRESSOR,0.000,0.000,0.000,0.000,,,SA,Moomba Hub,550017,2026/08/09 13:32:30
2026/08/08,Meridian,540064,PROD,0.000,47.387,0.000,0.000,,,QLD,Regional - QLD,590001,2026/08/09 09:38:57
2026/08/08,Mintaro Power Station,555031,BBGPG,0.000,0.000,0.000,0.000,,,SA,Regional - SA,590013,2026/08/09 11:31:06
2026/08/08,Moomba,550045,PROD,0.000,160.600,0.000,0.000,,,SA,Moomba Hub,550017,2026/08/13 15:45:26
2026/08/08,Moomba Storage,550046,STOR,0.000,0.000,0.000,0.000,6305.600,0.000,SA,Moomba Hub,550017,2026/08/13 15:45:26
2026/08/08,Mortlake PS,530063,BBGPG,0.000,0.000,0.000,0.000,,,VIC,Regional - VIC,590012,2026/08/09 07:20:00
2026/08/08,MPL,530061,PIPE,0.000,0.000,0.036,0.000,,,VIC,Iona Hub,530016,2026/08/09 07:20:00
2026/08/08,MPL,530061,PIPE,0.000,0.000,0.000,0.000,,,VIC,Regional - VIC,590012,2026/08/09 07:20:00
2026/08/08,MRP,580100,PIPE,9.015,0.000,9.016,0.000,,,NT,Regional - NT,590017,2026/08/09 08:46:17
2026/08/08,MSP,520053,PIPE,124.515,0.000,0.000,0.000,,,NSW,Sydney,520008,2026/08/09 13:32:30
2026/08/08,MSP,520053,PIPE,0.000,0.000,182.051,2.000,,,SA,Moomba Hub,550017,2026/08/09 13:32:30
2026/08/08,MSP,520053,PIPE,38.417,0.000,0.000,5.083,,,NSW,Regional - NSW,590011,2026/08/09 13:32:30
2026/08/08,MSP,520053,PIPE,15.520,0.000,0.000,0.000,,,NSW,Regional - ACT,590015,2026/08/09 13:32:30
2026/08/08,MSP,520053,PIPE,0.000,0.000,75.401,0.000,,,NSW,Culcairn,590016,2026/08/09 13:32:30
2026/08/08,Newport,533171,BBGPG,0.006,0.000,0.000,0.000,,,VIC,Melbourne,590008,2026/08/11 11:00:02
2026/08/08,NGP,580050,PIPE,0.000,0.000,0.000,0.000,,,QLD,Regional - QLD,590001,2026/08/09 12:01:14
2026/08/08,NGP,580050,PIPE,0.000,0.000,0.000,0.000,,,NT,Regional - NT,590017,2026/08/09 12:01:14
2026/08/08,NGS,520060,STOR,0.120,0.662,0.000,0.000,679.300,76.810,NSW,Sydney,520008,2026/08/09 08:35:23
2026/08/08,Oakey PS,544095,BBGPG,0.000,0.000,0.000,0.000,,,QLD,Regional - QLD,590001,2026/08/09 13:32:30
2026/08/08,Orana,540084,PROD,0.000,170.217,0.000,0.000,,,QLD,Regional - QLD,590001,2026/08/13 11:41:35
2026/08/08,Orbost,530041,PROD,0.000,73.236,0.000,0.000,,,VIC,Regional - VIC,590012,2026/08/09 12:01:05
2026/08/08,Orica,544011,BBLARGE,9.757,0.000,0.000,0.000,,,QLD,Regional - QLD,590001,2026/08/09 12:01:10
2026/08/08,Orica (Kooragang Island),523206,BBLARGE,39.389,0.000,0.000,0.000,,,NSW,Sydney,520008,2026/08/09 13:00:00
2026/08/08,Osborne,555033,BBGPG,0.000,0.000,0.000,0.000,,,SA,Regional - SA,590013,2026/08/09 11:31:06
2026/08/08,Otway,530044,PROD,0.000,170.030,0.000,0.000,,,VIC,Iona Hub,530016,2026/08/09 12:28:29
2026/08/08,Owen Springs Power Station,580235,BBGPG,0.179,0.000,0.000,0.000,,,NT,Regional - NT,590017,2026/08/09 06:41:03
2026/08/08,PCA,550052,PIPE,0.000,10.904,50.935,1.023,,,VIC,Iona Hub,530016,2026/08/09 07:20:01
2026/08/08,PCA,550052,PIPE,26.910,0.000,0.000,0.000,,,SA,Adelaide,550016,2026/08/09 07:20:01
2026/08/08,PCA,550052,PIPE,0.000,0.000,0.000,6.722,,,VIC,Regional - VIC,590012,2026/08/09 07:20:01
2026/08/08,PCA,550052,PIPE,0.258,0.000,0.000,0.001,,,SA,Regional - SA,590013,2026/08/09 07:20:01
2026/08/08,PCI,530060,PIPE,0.000,181.368,1.023,182.391,,,VIC,Iona Hub,530016,2026/08/09 07:20:01
2026/08/08,Peat,540065,PROD,0.000,11.623,0.000,0.000,,,QLD,Regional - QLD,590001,2026/08/13 11:41:35
2026/08/08,Pelican Point Power Station,555089,BBGPG,14.610,0.000,0.000,0.000,,,SA,Regional - SA,590013,2026/08/09 07:20:01
2026/08/08,Phosphate Hill,544081,BBLARGE,24.854,0.000,0.000,0.000,,,QLD,Regional - QLD,590001,2026/08/09 13:32:30
2026/08/08,Pipeline Compression Station,544279,COMPRESSOR,0.000,0.000,0.000,0.000,,,QLD,Regional - QLD,590001,2026/08/09 11:39:44
2026/08/08,PVP,580070,PIPE,0.599,0.000,0.658,0.000,,,NT,Regional - NT,590017,2026/08/09 06:41:03
2026/08/08,QCLNG LNG Plant,544272,LNGEXPORT,1534.852,0.000,0.000,0.000,,,QLD,Curtis Island,540030,2026/08/09 10:35:46
2026/08/08,QGP,540058,PIPE,0.000,0.000,20.629,0.000,,,QLD,Wallumbilla Hub,540032,2026/08/09 12:01:10
2026/08/08,QGP,540058,PIPE,119.295,23.598,76.885,0.000,,,QLD,Regional - QLD,590001,2026/08/09 12:01:10
2026/08/08,Quarantine Power Station,555087,BBGPG,0.000,0.000,0.000,0.000,,,SA,Regional - SA,590013,2026/08/09 11:31:06
2026/08/08,Queensland Aluminia,544012,BBLARGE,24.162,0.000,0.000,0.000,,,QLD,Regional - QLD,590001,2026/08/09 12:01:10
2026/08/08,RBP,540057,PIPE,0.000,0.000,0.000,105.302,,,QLD,Wallumbilla Hub,540032,2026/08/09 13:32:30
2026/08/08,RBP,540057,PIPE,2.470,69.409,71.961,0.000,,,QLD,Regional - QLD,590001,2026/08/09 13:32:30
2026/08/08,RBP,540057,PIPE,41.290,0.000,0.000,0.000,,,QLD,Brisbane,590002,2026/08/09 13:32:30
2026/08/08,RCWP,540102,PIPE,0.000,0.000,0.000,31.935,,,QLD,Wallumbilla Hub,540032,2026/08/09 13:32:30
2026/08/08,RCWP,540102,PIPE,0.000,0.000,31.816,0.000,,,QLD,Regional - QLD,590001,2026/08/09 13:32:30
2026/08/08,Reedy Creek,540085,PROD,0.000,199.751,0.000,0.000,,,QLD,Regional - QLD,590001,2026/08/13 11:41:35
2026/08/08,RMNGPF,640011,PROD,0.000,15.600,0.000,0.000,,,QLD,Regional - QLD,590001,2026/08/09 09:19:41
2026/08/08,RNMGP,640012,PIPE,0.000,15.600,0.000,15.600,,,QLD,Regional - QLD,590001,2026/08/09 09:19:41
2026/08/08,RNP,640009,PIPE,0.000,22.895,0.000,22.895,,,QLD,Regional - QLD,590001,2026/08/09 12:01:11
2026/08/08,Rolleston,540073,PROD,0.000,8.345,0.000,0.000,,,QLD,Regional - QLD,590001,2026/08/09 12:01:10
2026/08/08,Roma,540095,PROD,0.000,229.133,0.000,0.000,,,QLD,Regional - QLD,590001,2026/08/09 11:42:49
2026/08/08,Roma North,544260,PROD,0.000,22.895,0.000,0.000,,,QLD,Regional - QLD,590001,2026/08/09 12:01:16
2026/08/08,Roma Power Station,540120,BBGPG,0.000,0.000,0.000,0.000,,,QLD,Regional - QLD,590001,2026/08/09 11:31:35
2026/08/08,Ron Goodin Power Station,580234,BBGPG,0.000,0.000,0.000,0.000,,,NT,Regional - NT,590017,2026/08/09 06:41:03
2026/08/08,RPL,540110,PIPE,0.050,0.000,0.000,0.000,,,QLD,Regional - QLD,590001,2026/08/09 11:31:35
2026/08/08,Ruby Jo,540082,PROD,0.000,439.956,0.000,0.000,,,QLD,Regional - QLD,590001,2026/08/09 10:35:46
2026/08/08,RUGS,540040,STOR,0.000,0.000,0.000,0.000,15160.059,0.000,QLD,Regional - QLD,590001,2026/08/09 11:42:49
2026/08/08,Scotia,540072,PROD,0.000,97.836,0.000,0.000,,,QLD,Regional - QLD,590001,2026/08/09 11:42:49
2026/08/08,SEPS,550061,PIPE,6.602,0.000,6.630,0.000,,,SA,Regional - SA,590013,2026/08/09 11:32:05
2026/08/08,SESA,550060,PIPE,0.000,0.000,6.721,0.000,,,VIC,Regional - VIC,590012,2026/08/09 13:32:30
2026/08/08,SESA,550060,PIPE,0.000,0.000,0.000,6.630,,,SA,Regional - SA,590013,2026/08/09 13:32:30
2026/08/08,Smithfield Energy Facility,522004,BBGPG,0.000,0.000,0.000,0.000,,,NSW,Regional - NSW,590011,2026/08/09 12:02:43
2026/08/08,Snapper Point,555090,BBGPG,0.000,0.000,0.000,0.000,,,SA,Regional - SA,590013,2026/08/09 11:31:06
2026/08/08,Somerton,533174,BBGPG,0.002,0.000,0.000,0.000,,,VIC,Melbourne,590008,2026/08/11 11:00:02
2026/08/08,Spring Gully,540066,PROD,0.000,47.619,0.000,0.000,,,QLD,Regional - QLD,590001,2026/08/13 11:41:35
2026/08/08,SSP,540103,PIPE,0.000,6.300,0.000,6.300,,,QLD,Regional - QLD,590001,2026/08/09 20:14:06
2026/08/08,SSSF,540062,STOR,0.000,6.030,0.000,0.000,8618.222,0.000,QLD,Regional - QLD,590001,2026/08/09 20:14:06
2026/08/08,Strathblane,540067,PROD,0.000,51.969,0.000,0.000,,,QLD,Regional - QLD,590001,2026/08/13 11:41:35
2026/08/08,Swanbank Power Station,544104,BBGPG,0.000,0.000,0.000,0.000,,,QLD,Brisbane,590002,2026/08/09 13:32:30
2026/08/08,SWQP,540060,PIPE,0.000,0.000,469.949,254.442,,,QLD,Wallumbilla Hub,540032,2026/08/09 13:32:30
2026/08/08,SWQP,540060,PIPE,0.000,0.000,0.000,75.561,,,QLD,Ballera,540078,2026/08/09 13:32:30
2026/08/08,SWQP,540060,PIPE,0.000,127.439,0.000,213.100,,,SA,Moomba Hub,550017,2026/08/09 13:32:30
2026/08/08,SWQP,540060,PIPE,0.115,0.000,0.000,0.000,,,QLD,Regional - QLD,590001,2026/08/09 13:32:30
2026/08/08,Talinga,540076,PROD,0.000,86.842,0.000,0.000,,,QLD,Regional - QLD,590001,2026/08/13 11:41:35
2026/08/08,Tallawarra,522002,BBGPG,0.000,0.000,0.000,0.000,,,NSW,Regional - NSW,590011,2026/08/09 11:25:01
2026/08/08,Tallawarra Pipeline,523201,PIPE,0.000,0.000,0.000,0.000,,,NSW,Regional - NSW,590011,2026/08/09 11:25:01
2026/08/08,Taloona,540068,PROD,0.000,41.180,0.000,0.000,,,QLD,Regional - QLD,590001,2026/08/13 11:41:35
2026/08/08,Tanami GP,580210,PIPE,8.363,0.000,7.700,0.000,,,NT,Regional - NT,590017,2026/08/09 12:02:00
2026/08/08,TGP,570050,PIPE,0.000,0.000,91.315,33.241,,,VIC,Longford Hub,530015,2026/08/10 12:01:00
2026/08/08,TGP,570050,PIPE,44.262,0.000,0.000,0.000,,,TAS,Regional - TAS,590014,2026/08/10 12:01:00
2026/08/08,Tipton,540051,PROD,0.000,41.403,0.000,0.000,,,QLD,Regional - QLD,590001,2026/08/09 12:39:00
2026/08/08,Torrens Island PS,555041,BBGPG,1.325,0.000,0.000,0.000,,,SA,Regional - SA,590013,2026/08/09 11:31:06
2026/08/08,Uranquinty Power Station,522047,BBGPG,0.000,0.000,0.000,0.000,,,NSW,Regional - NSW,590011,2026/08/09 13:32:30
2026/08/08,Valley Power GPG,535024,BBGPG,0.009,0.000,0.000,0.000,,,VIC,Gippsland,590009,2026/08/09 12:32:00
2026/08/08,VicHub,532005,PIPE,0.000,0.000,2.241,2.241,,,VIC,Longford Hub,530015,2026/08/09 12:01:18
2026/08/08,Viva Energy Refinery,535018,BBLARGE,11.536,0.000,0.000,0.000,,,VIC,Geelong,590005,2026/08/09 07:30:13
2026/08/08,VTS,530110,PIPE,0.000,429.206,35.490,0.002,,,VIC,Longford Hub,530015,2026/08/11 11:00:02
2026/08/08,VTS,530110,PIPE,10.832,7.648,131.425,0.000,,,VIC,Iona Hub,530016,2026/08/11 11:00:02
2026/08/08,VTS,530110,PIPE,11.560,0.000,0.000,0.000,,,VIC,Western,590004,2026/08/11 11:00:02
2026/08/08,VTS,530110,PIPE,59.718,0.000,0.000,0.000,,,VIC,Geelong,590005,2026/08/11 11:00:02
2026/08/08,VTS,530110,PIPE,37.445,0.000,0.000,0.000,,,VIC,Ballarat,590006,2026/08/11 11:00:02
2026/08/08,VTS,530110,PIPE,55.466,0.000,0.000,0.000,,,VIC,Northern,590007,2026/08/11 11:00:02
2026/08/08,VTS,530110,PIPE,318.753,0.206,0.000,0.000,,,VIC,Melbourne,590008,2026/08/11 11:00:02
2026/08/08,VTS,530110,PIPE,39.223,0.000,17.997,0.027,,,VIC,Gippsland,590009,2026/08/11 11:00:02
2026/08/08,VTS,530110,PIPE,0.000,0.000,0.000,75.401,,,NSW,Culcairn,590016,2026/08/11 11:00:02
2026/08/08,Wallumbilla Compression Station,544280,COMPRESSOR,0.000,0.000,0.000,0.000,,,QLD,Wallumbilla Hub,540032,2026/08/09 11:39:44
2026/08/08,WCFA,540045,COMPRESSOR,0.000,0.000,325.430,325.430,,,QLD,Wallumbilla Hub,540032,2026/08/09 13:32:30
2026/08/08,WCFB,540046,COMPRESSOR,0.000,0.000,134.219,134.219,,,QLD,Wallumbilla Hub,540032,2026/08/09 13:32:30
2026/08/08,Weddell Power Station,580232,BBGPG,9.952,0.000,0.000,0.000,,,NT,Darwin,580001,2026/08/09 13:32:30
2026/08/08,WGP,540091,PIPE,1534.852,0.000,0.000,0.000,,,QLD,Curtis Island,540030,2026/08/09 10:35:46
2026/08/08,WGP,540091,PIPE,0.000,1515.516,0.000,0.000,,,QLD,Regional - QLD,590001,2026/08/09 10:35:46
2026/08/08,Whyalla Steelworks,555085,BBLARGE,4.196,0.000,0.000,0.000,,,SA,Regional - SA,590013,2026/08/09 11:31:06
2026/08/08,Windibri,540069,PROD,0.000,67.931,0.000,0.000,,,QLD,Regional - QLD,590001,2026/08/09 10:35:46
2026/08/08,Woleebee Creek,540087,PROD,0.000,642.736,0.000,0.000,,,QLD,Regional - QLD,590001,2026/08/09 10:35:46
2026/08/08,WPP,580030,PIPE,9.952,24.894,0.000,14.944,,,NT,Darwin,580001,2026/08/09 13:32:30
2026/08/08,Yarwun,544282,BBGPG,68.108,0.000,0.000,0.000,,,QLD,Regional - QLD,590001,2026/08/09 12:01:10
2026/08/08,Yelcherr,580180,PROD,0.000,0.000,0.000,0.000,,,NT,Regional - NT,590017,2026/08/09 13:32:30
2026/08/08,Yellowbank,540074,PROD,0.000,12.003,0.000,0.000,,,QLD,Regional - QLD,590001,2026/08/09 12:01:10
2026/08/09,Adelaide Brighton,555091,BBLARGE,8.337,0.000,0.000,0.000,,,SA,Adelaide,550016,2026/09/01 13:00:01
2026/08/09,AGP,580010,PIPE,17.215,0.000,12.531,0.000,,,NT,Darwin,580001,2026/08/10 12:46:30
2026/08/09,AGP,580010,PIPE,6.982,32.197,0.001,17.879,,,NT,Regional - NT,590017,2026/08/10 12:46:30
2026/08/09,APLNG Pipeline,540093,PIPE,1448.215,0.000,0.000,0.000,,,QLD,Curtis Island,540030,2026/08/14 11:30:07
2026/08/09,APLNG Pipeline,540093,PIPE,0.000,1244.242,337.672,140.710,,,QLD,Regional - QLD,590001,2026/08/14 11:30:07
2026/08/09,Arcadia,540101,PROD,0.000,92.859,0.000,0.000,,,QLD,Regional - QLD,590001,2026/08/10 11:43:34
2026/08/09,ATGP,640013,PIPE,0.000,43.407,0.000,43.407,,,QLD,Regional - QLD,590001,2026/08/10 12:01:10
2026/08/09,ATHENA,535014,PROD,0.000,17.747,0.000,0.000,,,VIC,Iona Hub,530016,2026/08/14 09:54:49
2026/08/09,Atlas,544261,PROD,0.000,43.407,0.000,0.000,,,QLD,Regional - QLD,590001,2026/08/10 12:01:14
2026/08/09,Atlas East Central Processing Facility,640008,PROD,0.000,31.550,0.000,0.000,,,QLD,Regional - QLD,590001,2026/08/10 09:35:21
2026/08/09,Atlas to Reedy Creek Pipeline,640007,PIPE,0.000,31.551,0.000,30.624,,,QLD,Regional - QLD,590001,2026/08/10 12:46:30
2026/08/09,Australia Pacific LNG,544273,LNGEXPORT,1448.215,0.000,0.000,0.000,,,QLD,Curtis Island,540030,2026/08/10 12:00:25
2026/08/09,Australian Paper (Opal),535021,BBLARGE,15.315,0.000,0.000,0.000,,,VIC,Gippsland,590009,2026/08/11 11:00:02
2026/08/09,B1PL,540077,PIPE,0.035,41.123,0.000,37.875,,,QLD,Regional - QLD,590001,2026/08/10 11:00:52
2026/08/09,B2PL,540071,PIPE,0.000,0.174,0.000,33.671,,,QLD,Regional - QLD,590001,2026/08/10 12:30:13
2026/08/09,Bairnsdale Power Station,535020,BBGPG,0.000,0.000,0.000,0.000,,,VIC,Regional - VIC,590012,2026/08/10 11:00:53
2026/08/09,BCF,540047,COMPRESSOR,0.000,0.000,64.600,64.600,,,QLD,Regional - QLD,590001,2026/08/14 15:15:19
2026/08/09,Bell Bay CCGT,577016,BBGPG,28.302,0.000,0.000,0.000,,,TAS,Regional - TAS,590014,2026/08/11 12:01:00
2026/08/09,Bell Bay GGT,577014,BBGPG,0.000,0.000,0.000,0.000,,,TAS,Regional - TAS,590014,2026/08/11 12:01:00
2026/08/09,Bell Bay OCGT,577015,BBGPG,0.000,0.000,0.000,0.000,,,TAS,Regional - TAS,590014,2026/08/11 12:01:00
2026/08/09,Bellevue,540083,PROD,0.000,159.803,0.000,0.000,,,QLD,Regional - QLD,590001,2026/08/10 10:35:42
2026/08/09,BGP,580020,PIPE,0.295,0.000,0.000,0.000,,,NT,Regional - NT,590017,2026/08/10 12:46:30
2026/08/09,BlueScope,523204,BBLARGE,8.846,0.000,0.000,0.000,,,NSW,Sydney,520008,2026/08/10 12:01:05
2026/08/09,Bolivar,555008,BBGPG,0.000,0.000,0.000,0.000,,,SA,Regional - SA,590013,2026/08/10 12:06:37
2026/08/09,Bomaderry Gas Pipeline,523202,PIPE,22.515,0.000,22.515,0.000,,,NSW,Regional - NSW,590011,2026/08/10 12:52:09
2026/08/09,BPP,530030,PIPE,2.650,20.040,0.000,17.389,,,VIC,Gippsland,590009,2026/08/11 11:00:02
2026/08/09,Braemar 2 Power Station,544085,BBGPG,0.000,0.000,0.000,0.000,,,QLD,Regional - QLD,590001,2026/08/10 12:30:13
2026/08/09,Braemar Power Station,544252,BBGPG,0.035,0.000,0.000,0.000,,,QLD,Regional - QLD,590001,2026/08/10 11:00:52
2026/08/09,BWP,540096,PIPE,0.000,0.000,0.000,153.328,,,QLD,Wallumbilla Hub,540032,2026/08/10 12:46:30
2026/08/09,BWP,540096,PIPE,0.000,153.351,0.000,0.000,,,QLD,Regional - QLD,590001,2026/08/10 12:46:30
2026/08/09,CGP,540059,PIPE,0.000,0.000,64.552,0.000,,,QLD,Ballera,540078,2026/08/10 12:46:30
2026/08/09,CGP,540059,PIPE,65.274,0.000,0.000,0.000,,,QLD,Regional - QLD,590001,2026/08/10 12:46:30
2026/08/09,Channel Island Power Station,580231,BBGPG,17.215,0.000,0.000,0.000,,,NT,Darwin,580001,2026/08/10 12:46:30
2026/08/09,Colongra,523120,BBGPG,0.000,0.000,0.000,0.000,,,NSW,Regional - NSW,590011,2026/08/10 12:00:05
2026/08/09,ColongraGP,520090,PIPE,0.000,0.000,0.000,0.000,,,NSW,Sydney,520008,2026/08/10 12:00:05
2026/08/09,ColongraGP,520090,PIPE,0.000,0.000,0.000,0.000,,,NSW,Regional - NSW,590011,2026/08/10 12:00:05
2026/08/09,Combabula,540094,PROD,0.000,293.102,0.000,0.000,,,QLD,Regional - QLD,590001,2026/08/14 11:30:07
2026/08/09,Condabri Central,540080,PROD,0.000,152.419,0.000,0.000,,,QLD,Regional - QLD,590001,2026/08/14 11:30:07
2026/08/09,Condabri North,540090,PROD,0.000,86.328,0.000,0.000,,,QLD,Regional - QLD,590001,2026/08/14 11:30:07
2026/08/09,Condabri South,540086,PROD,0.000,156.027,0.000,0.000,,,QLD,Regional - QLD,590001,2026/08/14 11:30:07
2026/08/09,Condamine Power Station,544274,BBGPG,0.000,0.000,0.000,0.000,,,QLD,Regional - QLD,590001,2026/08/10 10:35:56
2026/08/09,CRWP,540098,PIPE,0.000,0.000,267.568,0.000,,,QLD,Wallumbilla Hub,540032,2026/08/10 11:43:05
2026/08/09,CRWP,540098,PIPE,0.000,234.930,38.871,521.884,,,QLD,Regional - QLD,590001,2026/08/10 11:43:05
2026/08/09,CWP,520054,PIPE,4.301,0.000,4.727,0.000,,,NSW,Regional - NSW,590011,2026/08/10 12:46:30
2026/08/09,Daandine,540050,PROD,0.000,33.845,0.000,0.000,,,QLD,Regional - QLD,590001,2026/08/10 12:30:13
2026/08/09,Dandenong LNG,530038,STOR,0.000,0.277,0.000,0.000,612.105,27.889,VIC,Melbourne,590008,2026/08/10 12:46:30
2026/08/09,DDP,540097,PIPE,0.000,0.000,0.000,184.059,,,QLD,Wallumbilla Hub,540032,2026/08/10 12:01:09
2026/08/09,DDP,540097,PIPE,0.004,346.926,105.085,270.608,,,QLD,Regional - QLD,590001,2026/08/10 12:01:09
2026/08/09,DDPS,544027,BBGPG,0.004,0.000,0.000,0.000,,,QLD,Regional - QLD,590001,2026/08/10 12:01:09
2026/08/09,Diamantina Power Station,544077,BBGPG,30.755,0.000,0.000,0.000,,,QLD,Regional - QLD,590001,2026/08/10 12:46:30
2026/08/09,Dry Creek Power Station,555026,BBGPG,0.000,0.000,0.000,0.000,,,SA,Regional - SA,590013,2026/08/10 11:31:05
2026/08/09,EGP,520047,PIPE,118.519,0.000,0.000,0.000,,,NSW,Sydney,520008,2026/08/10 12:01:05
2026/08/09,EGP,520047,PIPE,16.563,0.000,0.000,0.000,,,NSW,Canberra,520009,2026/08/10 12:01:05
2026/08/09,EGP,520047,PIPE,0.000,208.771,0.000,100.369,,,VIC,Longford Hub,530015,2026/08/10 12:01:05
2026/08/09,EGP,520047,PIPE,5.374,0.000,0.000,22.515,,,NSW,Regional - NSW,590011,2026/08/10 12:01:05
2026/08/09,EGP,520047,PIPE,1.004,73.782,0.000,0.000,,,VIC,Regional - VIC,590012,2026/08/10 12:01:05
2026/08/09,EO4PL,540055,PIPE,0.000,0.000,0.000,0.000,,,QLD,Regional - QLD,590001,2026/08/10 10:35:42
2026/08/09,Eurombah Creek,540089,PROD,0.000,148.658,0.000,0.000,,,QLD,Regional - QLD,590001,2026/08/14 11:30:07
2026/08/09,Fairview,540070,PROD,0.000,285.672,0.000,0.000,,,QLD,Regional - QLD,590001,2026/08/10 11:43:34
2026/08/09,GLNG (Curtis Island),544276,LNGEXPORT,814.883,0.000,0.000,0.000,,,QLD,Curtis Island,540030,2026/08/10 11:43:05
2026/08/09,GLNG Pipeline,540092,PIPE,814.883,0.000,0.000,0.000,,,QLD,Curtis Island,540030,2026/08/10 11:43:05
2026/08/09,GLNG Pipeline,540092,PIPE,0.000,422.374,521.884,67.064,,,QLD,Regional - QLD,590001,2026/08/10 10:35:42
2026/08/09,Hallett,555029,BBGPG,0.000,0.000,0.000,0.000,,,SA,Regional - SA,590013,2026/08/10 11:31:05
2026/08/09,Hunter Power Station,523210,BBGPG,0.000,0.000,0.000,0.000,,,NSW,Sydney,520008,2026/08/10 12:46:30
2026/08/09,ICF,530071,COMPRESSOR,0.000,0.000,5.300,5.300,,,VIC,Iona Hub,530016,2026/08/10 08:35:03
2026/08/09,Iona UGS,530042,STOR,27.956,44.967,0.000,0.000,14402.737,0.000,VIC,Iona Hub,530016,2026/08/10 08:30:02
2026/08/09,Jeerelang,533161,BBGPG,0.000,0.000,0.000,0.000,,,VIC,Gippsland,590009,2026/08/11 11:00:02
2026/08/09,Jordan,540088,PROD,0.000,333.894,0.000,0.000,,,QLD,Regional - QLD,590001,2026/08/10 10:35:42
2026/08/09,Katherine Power Station,580233,BBGPG,0.324,0.000,0.000,0.000,,,NT,Regional - NT,590017,2026/08/10 12:46:30
2026/08/09,Kenya,540075,PROD,0.000,128.896,0.000,0.000,,,QLD,Regional - QLD,590001,2026/08/10 10:35:42
2026/08/09,Kincora,544253,PROD,0.000,4.000,0.000,0.000,,,QLD,Regional - QLD,590001,2026/08/10 12:46:30
2026/08/09,KKLP,523209,PIPE,0.000,0.000,0.000,0.000,,,NSW,Sydney,520008,2026/08/10 12:46:30
2026/08/09,Kogan North,540061,PROD,0.000,4.168,0.000,0.000,,,QLD,Regional - QLD,590001,2026/08/10 12:46:30
2026/08/09,Ladbroke Grove PS,555086,BBGPG,3.418,0.000,0.000,0.000,,,SA,Regional - SA,590013,2026/08/10 12:46:30
2026/08/09,Lang Lang,530039,PROD,0.000,20.040,0.000,0.000,,,VIC,Gippsland,590009,2026/08/10 09:50:19
2026/08/09,Laverton,533201,BBGPG,0.001,0.000,0.000,0.000,,,VIC,Geelong,590005,2026/08/11 11:00:02
2026/08/09,Longford,530040,PROD,0.000,639.200,0.000,0.000,,,VIC,Longford Hub,530015,2026/08/10 08:32:36
2026/08/09,Loy Yang B,533163,BBGPG,0.000,0.000,0.000,0.000,,,VIC,Gippsland,590009,2026/08/10 11:00:46
2026/08/09,LYB Transmission Pipeline,535023,PIPE,0.000,0.000,0.047,0.000,,,VIC,Gippsland,590009,2026/08/10 11:00:46
2026/08/09,MAPS,550054,PIPE,29.974,0.000,0.000,0.000,,,SA,Adelaide,550016,2026/08/10 11:31:05
2026/08/09,MAPS,550054,PIPE,0.000,33.391,33.891,0.000,,,SA,Moomba Hub,550017,2026/08/10 11:31:05
2026/08/09,MAPS,550054,PIPE,53.489,0.000,15.000,0.000,,,SA,Regional - SA,590013,2026/08/10 11:31:05
2026/08/09,McArthur River Mine,580220,BBGPG,8.908,0.000,0.000,0.000,,,NT,Regional - NT,590017,2026/08/10 08:56:17
2026/08/09,MCF,550050,COMPRESSOR,0.000,0.000,0.000,0.000,,,SA,Moomba Hub,550017,2026/08/10 12:46:30
2026/08/09,Mereenie,580040,PROD,0.000,26.478,0.000,0.000,,,NT,Regional - NT,590017,2026/08/10 11:26:52
2026/08/09,Meridian,540064,PROD,0.000,47.093,0.000,0.000,,,QLD,Regional - QLD,590001,2026/08/10 09:38:59
2026/08/09,Mintaro Power Station,555031,BBGPG,0.000,0.000,0.000,0.000,,,SA,Regional - SA,590013,2026/08/10 11:31:05
2026/08/09,Moomba,550045,PROD,0.000,192.900,0.000,0.000,,,SA,Moomba Hub,550017,2026/08/14 15:15:19
2026/08/09,Moomba Storage,550046,STOR,0.000,0.000,0.000,0.000,6305.600,0.000,SA,Moomba Hub,550017,2026/08/14 15:15:19
2026/08/09,Mortlake PS,530063,BBGPG,0.000,0.000,0.000,0.000,,,VIC,Regional - VIC,590012,2026/08/10 07:20:00
2026/08/09,MPL,530061,PIPE,0.000,0.000,0.000,0.000,,,VIC,Iona Hub,530016,2026/08/10 07:20:00
2026/08/09,MPL,530061,PIPE,0.000,0.000,0.000,0.000,,,VIC,Regional - VIC,590012,2026/08/10 07:20:00
2026/08/09,MRP,580100,PIPE,8.908,0.000,8.909,0.000,,,NT,Regional - NT,590017,2026/08/10 08:56:17
2026/08/09,MSP,520053,PIPE,127.365,0.000,0.000,0.000,,,NSW,Sydney,520008,2026/08/10 12:46:30
2026/08/09,MSP,520053,PIPE,0.000,0.000,180.072,0.000,,,SA,Moomba Hub,550017,2026/08/10 12:46:30
2026/08/09,MSP,520053,PIPE,39.826,0.000,0.000,4.727,,,NSW,Regional - NSW,590011,2026/08/10 12:46:30
2026/08/09,MSP,520053,PIPE,19.189,0.000,0.000,0.000,,,NSW,Regional - ACT,590015,2026/08/10 12:46:30
2026/08/09,MSP,520053,PIPE,0.000,0.000,30.303,0.000,,,NSW,Culcairn,590016,2026/08/10 12:46:30
2026/08/09,Newport,533171,BBGPG,0.005,0.000,0.000,0.000,,,VIC,Melbourne,590008,2026/08/11 11:00:02
2026/08/09,NGP,580050,PIPE,0.000,0.000,0.000,0.000,,,QLD,Regional - QLD,590001,2026/08/10 12:01:12
2026/08/09,NGP,580050,PIPE,0.000,0.000,0.000,0.000,,,NT,Regional - NT,590017,2026/08/10 12:01:12
2026/08/09,NGS,520060,STOR,0.110,0.976,0.000,0.000,677.882,76.810,NSW,Sydney,520008,2026/08/10 08:06:13
2026/08/09,Oakey PS,544095,BBGPG,0.000,0.000,0.000,0.000,,,QLD,Regional - QLD,590001,2026/08/10 12:46:30
2026/08/09,Orana,540084,PROD,0.000,170.109,0.000,0.000,,,QLD,Regional - QLD,590001,2026/08/14 11:30:07
2026/08/09,Orbost,530041,PROD,0.000,73.782,0.000,0.000,,,VIC,Regional - VIC,590012,2026/08/10 12:01:05
2026/08/09,Orica,544011,BBLARGE,9.775,0.000,0.000,0.000,,,QLD,Regional - QLD,590001,2026/08/10 12:01:06
2026/08/09,Orica (Kooragang Island),523206,BBLARGE,39.428,0.000,0.000,0.000,,,NSW,Sydney,520008,2026/08/10 13:00:00
2026/08/09,Osborne,555033,BBGPG,0.000,0.000,0.000,0.000,,,SA,Regional - SA,590013,2026/08/10 11:31:05
2026/08/09,Otway,530044,PROD,0.000,163.080,0.000,0.000,,,VIC,Iona Hub,530016,2026/08/10 12:56:01
2026/08/09,Owen Springs Power Station,580235,BBGPG,0.653,0.000,0.000,0.000,,,NT,Regional - NT,590017,2026/08/10 06:41:38
2026/08/09,Palm Valley,580060,PROD,0.000,5.719,0.000,0.000,,,NT,Regional - NT,590017,2026/08/10 11:26:52
2026/08/09,PCA,550052,PIPE,0.000,11.444,25.239,1.695,,,VIC,Iona Hub,530016,2026/08/10 07:20:01
2026/08/09,PCA,550052,PIPE,24.885,0.000,0.000,0.000,,,SA,Adelaide,550016,2026/08/10 07:20:01
2026/08/09,PCA,550052,PIPE,0.000,0.000,0.000,10.872,,,VIC,Regional - VIC,590012,2026/08/10 07:20:01
2026/08/09,PCA,550052,PIPE,5.349,0.000,0.000,15.004,,,SA,Regional - SA,590013,2026/08/10 07:20:01
2026/08/09,PCI,530060,PIPE,0.000,174.685,1.695,176.430,,,VIC,Iona Hub,530016,2026/08/10 07:20:01
2026/08/09,Peat,540065,PROD,0.000,11.824,0.000,0.000,,,QLD,Regional - QLD,590001,2026/08/14 11:30:07
2026/08/09,Pelican Point Power Station,555089,BBGPG,14.509,0.000,0.000,0.000,,,SA,Regional - SA,590013,2026/08/10 07:20:01
2026/08/09,Phosphate Hill,544081,BBLARGE,24.405,0.000,0.000,0.000,,,QLD,Regional - QLD,590001,2026/08/10 12:46:30
2026/08/09,Pipeline Compression Station,544279,COMPRESSOR,0.000,0.000,0.000,0.000,,,QLD,Regional - QLD,590001,2026/08/10 11:43:05
2026/08/09,PVP,580070,PIPE,1.120,0.000,1.070,0.000,,,NT,Regional - NT,590017,2026/08/10 06:41:38
2026/08/09,QCLNG LNG Plant,544272,LNGEXPORT,1496.521,0.000,0.000,0.000,,,QLD,Curtis Island,540030,2026/08/10 10:35:42
2026/08/09,QGP,540058,PIPE,0.000,0.000,19.761,0.000,,,QLD,Wallumbilla Hub,540032,2026/08/10 12:01:06
2026/08/09,QGP,540058,PIPE,124.327,23.585,76.885,0.000,,,QLD,Regional - QLD,590001,2026/08/10 12:01:06
2026/08/09,Quarantine Power Station,555087,BBGPG,4.990,0.000,0.000,0.000,,,SA,Regional - SA,590013,2026/08/10 11:31:05
2026/08/09,Queensland Aluminia,544012,BBLARGE,26.348,0.000,0.000,0.000,,,QLD,Regional - QLD,590001,2026/08/10 12:01:06
2026/08/09,RBP,540057,PIPE,0.000,0.000,0.000,104.688,,,QLD,Wallumbilla Hub,540032,2026/08/10 12:46:30
2026/08/09,RBP,540057,PIPE,1.947,68.342,77.846,0.000,,,QLD,Regional - QLD,590001,2026/08/10 12:46:30
2026/08/09,RBP,540057,PIPE,41.856,0.000,0.000,0.000,,,QLD,Brisbane,590002,2026/08/10 12:46:30
2026/08/09,RCWP,540102,PIPE,0.000,0.000,0.000,32.472,,,QLD,Wallumbilla Hub,540032,2026/08/10 12:46:30
2026/08/09,RCWP,540102,PIPE,0.000,0.000,32.448,0.000,,,QLD,Regional - QLD,590001,2026/08/10 12:46:30
2026/08/09,Reedy Creek,540085,PROD,0.000,198.986,0.000,0.000,,,QLD,Regional - QLD,590001,2026/08/14 11:30:07
2026/08/09,RMNGPF,640011,PROD,0.000,16.040,0.000,0.000,,,QLD,Regional - QLD,590001,2026/08/10 09:35:11
2026/08/09,RNMGP,640012,PIPE,0.000,16.040,0.000,16.040,,,QLD,Regional - QLD,590001,2026/08/10 09:35:11
2026/08/09,RNP,640009,PIPE,0.000,22.831,0.000,22.831,,,QLD,Regional - QLD,590001,2026/08/10 12:01:08
2026/08/09,Rolleston,540073,PROD,0.000,8.299,0.000,0.000,,,QLD,Regional - QLD,590001,2026/08/10 12:01:06
2026/08/09,Roma,540095,PROD,0.000,234.930,0.000,0.000,,,QLD,Regional - QLD,590001,2026/08/10 11:43:37
2026/08/09,Roma North,544260,PROD,0.000,22.831,0.000,0.000,,,QLD,Regional - QLD,590001,2026/08/10 12:01:13
2026/08/09,Roma Power Station,540120,BBGPG,0.000,0.000,0.000,0.000,,,QLD,Regional - QLD,590001,2026/08/10 18:43:57
2026/08/09,Ron Goodin Power Station,580234,BBGPG,0.000,0.000,0.000,0.000,,,NT,Regional - NT,590017,2026/08/10 06:41:38
2026/08/09,RPL,540110,PIPE,0.046,0.000,0.000,0.000,,,QLD,Regional - QLD,590001,2026/08/10 18:43:57
2026/08/09,Ruby Jo,540082,PROD,0.000,440.076,0.000,0.000,,,QLD,Regional - QLD,590001,2026/08/10 10:35:42
2026/08/09,RUGS,540040,STOR,0.000,2.642,0.000,0.000,15157.023,0.000,QLD,Regional - QLD,590001,2026/08/10 11:43:37
2026/08/09,Scotia,540072,PROD,0.000,89.941,0.000,0.000,,,QLD,Regional - QLD,590001,2026/08/10 11:43:37
2026/08/09,SEPS,550061,PIPE,7.255,0.000,7.246,0.000,,,SA,Regional - SA,590013,2026/08/10 11:32:08
2026/08/09,SESA,550060,PIPE,0.000,0.000,10.870,0.000,,,VIC,Regional - VIC,590012,2026/08/10 12:46:30
2026/08/09,SESA,550060,PIPE,3.418,0.000,0.000,7.248,,,SA,Regional - SA,590013,2026/08/10 12:46:30
2026/08/09,Shoalhaven Starches Cogeneration Plant,523203,BBLARGE,22.515,0.000,0.000,0.000,,,NSW,Regional - NSW,590011,2026/08/10 12:52:09
2026/08/09,Smithfield Energy Facility,522004,BBGPG,0.000,0.000,0.000,0.000,,,NSW,Regional - NSW,590011,2026/08/10 12:06:21
2026/08/09,Snapper Point,555090,BBGPG,0.000,0.000,0.000,0.000,,,SA,Regional - SA,590013,2026/08/10 11:31:05
2026/08/09,Somerton,533174,BBGPG,0.000,0.000,0.000,0.000,,,VIC,Melbourne,590008,2026/08/11 11:00:02
2026/08/09,Spring Gully,540066,PROD,0.000,48.295,0.000,0.000,,,QLD,Regional - QLD,590001,2026/08/14 11:30:07
2026/08/09,SSP,540103,PIPE,0.000,5.640,0.000,5.640,,,QLD,Regional - QLD,590001,2026/08/10 15:05:31
2026/08/09,SSSF,540062,STOR,0.000,6.300,0.000,0.000,8612.582,0.000,QLD,Regional - QLD,590001,2026/08/10 15:05:31
2026/08/09,Strathblane,540067,PROD,0.000,51.883,0.000,0.000,,,QLD,Regional - QLD,590001,2026/08/14 11:30:07
2026/08/09,Swanbank Power Station,544104,BBGPG,0.000,0.000,0.000,0.000,,,QLD,Brisbane,590002,2026/08/10 12:46:30
2026/08/09,SWQP,540060,PIPE,0.000,0.000,474.547,287.329,,,QLD,Wallumbilla Hub,540032,2026/08/10 12:46:30
2026/08/09,SWQP,540060,PIPE,0.000,0.000,0.000,69.272,,,QLD,Ballera,540078,2026/08/10 12:46:30
2026/08/09,SWQP,540060,PIPE,0.000,161.490,0.000,213.963,,,SA,Moomba Hub,550017,2026/08/10 12:46:30
2026/08/09,SWQP,540060,PIPE,0.119,0.000,0.000,0.000,,,QLD,Regional - QLD,590001,2026/08/10 12:46:30
2026/08/09,Talinga,540076,PROD,0.000,87.118,0.000,0.000,,,QLD,Regional - QLD,590001,2026/08/14 11:30:07
2026/08/09,Tallawarra,522002,BBGPG,0.000,0.000,0.000,0.000,,,NSW,Regional - NSW,590011,2026/08/10 11:00:10
2026/08/09,Tallawarra Pipeline,523201,PIPE,0.000,0.000,0.000,0.000,,,NSW,Regional - NSW,590011,2026/08/10 11:00:10
2026/08/09,Taloona,540068,PROD,0.000,41.303,0.000,0.000,,,QLD,Regional - QLD,590001,2026/08/14 11:30:07
2026/08/09,Tanami GP,580210,PIPE,7.183,0.000,7.900,0.000,,,NT,Regional - NT,590017,2026/08/10 12:02:00
2026/08/09,TGP,570050,PIPE,0.000,0.000,79.757,38.168,,,VIC,Longford Hub,530015,2026/08/11 12:01:00
2026/08/09,TGP,570050,PIPE,44.854,0.000,0.000,0.000,,,TAS,Regional - TAS,590014,2026/08/11 12:01:00
2026/08/09,Tipton,540051,PROD,0.000,41.123,0.000,0.000,,,QLD,Regional - QLD,590001,2026/08/10 12:30:13
2026/08/09,Torrens Island PS,555041,BBGPG,18.179,0.000,0.000,0.000,,,SA,Regional - SA,590013,2026/08/10 11:31:05
2026/08/09,Uranquinty Power Station,522047,BBGPG,0.000,0.000,0.000,0.000,,,NSW,Regional - NSW,590011,2026/08/10 12:46:30
2026/08/09,Valley Power GPG,535024,BBGPG,0.000,0.000,0.000,0.000,,,VIC,Gippsland,590009,2026/08/10 11:00:46
2026/08/09,VicHub,532005,PIPE,0.000,0.000,20.608,20.608,,,VIC,Longford Hub,530015,2026/08/10 12:01:15
2026/08/09,Viva Energy Refinery,535018,BBLARGE,11.934,0.000,0.000,0.000,,,VIC,Geelong,590005,2026/08/10 07:30:16
2026/08/09,VTS,530110,PIPE,0.000,428.670,58.791,0.002,,,VIC,Longford Hub,530015,2026/08/11 11:00:02
2026/08/09,VTS,530110,PIPE,2.541,14.198,151.162,0.000,,,VIC,Iona Hub,530016,2026/08/11 11:00:02
2026/08/09,VTS,530110,PIPE,10.711,0.000,0.000,0.000,,,VIC,Western,590004,2026/08/11 11:00:02
2026/08/09,VTS,530110,PIPE,71.452,0.000,0.000,0.000,,,VIC,Geelong,590005,2026/08/11 11:00:02
2026/08/09,VTS,530110,PIPE,46.892,0.000,0.000,0.000,,,VIC,Ballarat,590006,2026/08/11 11:00:02
2026/08/09,VTS,530110,PIPE,68.091,0.000,0.000,0.000,,,VIC,Northern,590007,2026/08/11 11:00:02
2026/08/09,VTS,530110,PIPE,378.647,0.204,0.000,0.000,,,VIC,Melbourne,590008,2026/08/11 11:00:02
2026/08/09,VTS,530110,PIPE,49.603,0.000,17.389,0.047,,,VIC,Gippsland,590009,2026/08/11 11:00:02
2026/08/09,VTS,530110,PIPE,0.000,0.000,0.000,30.303,,,NSW,Culcairn,590016,2026/08/11 11:00:02
2026/08/09,Wallumbilla Compression Station,544280,COMPRESSOR,0.000,0.000,0.000,0.000,,,QLD,Wallumbilla Hub,540032,2026/08/10 11:43:05
2026/08/09,WCFA,540045,COMPRESSOR,0.000,0.000,294.490,294.490,,,QLD,Wallumbilla Hub,540032,2026/08/10 12:46:30
2026/08/09,WCFB,540046,COMPRESSOR,0.000,0.000,169.734,169.734,,,QLD,Wallumbilla Hub,540032,2026/08/10 12:46:30
2026/08/09,Weddell Power Station,580232,BBGPG,12.126,0.000,0.000,0.000,,,NT,Darwin,580001,2026/08/10 12:46:30
2026/08/09,WGP,540091,PIPE,1496.521,0.000,0.000,0.000,,,QLD,Curtis Island,540030,2026/08/10 10:35:42
2026/08/09,WGP,540091,PIPE,0.000,1513.010,0.000,0.000,,,QLD,Regional - QLD,590001,2026/08/10 10:35:42
2026/08/09,Whyalla Steelworks,555085,BBLARGE,4.299,0.000,0.000,0.000,,,SA,Regional - SA,590013,2026/08/10 11:31:05
2026/08/09,Windibri,540069,PROD,0.000,78.089,0.000,0.000,,,QLD,Regional - QLD,590001,2026/08/10 10:35:42
2026/08/09,Woleebee Creek,540087,PROD,0.000,643.646,0.000,0.000,,,QLD,Regional - QLD,590001,2026/08/10 10:35:42
2026/08/09,WPP,580030,PIPE,12.126,24.649,0.000,12.531,,,NT,Darwin,580001,2026/08/10 12:46:30
2026/08/09,Yarwun,544282,BBGPG,72.559,0.000,0.000,0.000,,,QLD,Regional - QLD,590001,2026/08/10 12:01:06
2026/08/09,Yelcherr,580180,PROD,0.000,0.000,0.000,0.000,,,NT,Regional - NT,590017,2026/08/10 12:46:30
2026/08/09,Yellowbank,540074,PROD,0.000,12.036,0.000,0.000,,,QLD,Regional - QLD,590001,2026/08/10 12:01:06
2026/08/10,Adelaide Brighton,555091,BBLARGE,3.888,0.000,0.000,0.000,,,SA,Adelaide,550016,2026/09/01 13:00:01
2026/08/10,AGP,580010,PIPE,15.257,0.000,5.419,0.000,,,NT,Darwin,580001,2026/08/11 12:46:30
2026/08/10,AGP,580010,PIPE,7.039,32.113,0.000,18.593,,,NT,Regional - NT,590017,2026/08/11 12:46:30
2026/08/10,APLNG Pipeline,540093,PIPE,1510.226,0.000,0.000,0.000,,,QLD,Curtis Island,540030,2026/08/15 11:39:40
2026/08/10,APLNG Pipeline,540093,PIPE,0.000,1249.633,493.215,210.726,,,QLD,Regional - QLD,590001,2026/08/15 11:39:40
2026/08/10,Arcadia,540101,PROD,0.000,92.798,0.000,0.000,,,QLD,Regional - QLD,590001,2026/08/11 10:58:15
2026/08/10,ATGP,640013,PIPE,0.000,43.348,0.000,43.348,,,QLD,Regional - QLD,590001,2026/08/11 12:01:14
2026/08/10,ATHENA,535014,PROD,0.000,17.215,0.000,0.000,,,VIC,Iona Hub,530016,2026/08/15 09:59:49
2026/08/10,Atlas,544261,PROD,0.000,43.348,0.000,0.000,,,QLD,Regional - QLD,590001,2026/08/11 12:01:22
2026/08/10,Atlas East Central Processing Facility,640008,PROD,0.000,31.580,0.000,0.000,,,QLD,Regional - QLD,590001,2026/08/11 09:58:43
2026/08/10,Atlas to Reedy Creek Pipeline,640007,PIPE,0.000,31.580,0.000,25.765,,,QLD,Regional - QLD,590001,2026/08/11 12:46:30
2026/08/10,Australia Pacific LNG,544273,LNGEXPORT,1510.226,0.000,0.000,0.000,,,QLD,Curtis Island,540030,2026/08/11 12:00:25
2026/08/10,Australian Paper (Opal),535021,BBLARGE,13.854,0.000,0.000,0.000,,,VIC,Gippsland,590009,2026/08/13 11:00:03
2026/08/10,B1PL,540077,PIPE,0.032,41.300,0.000,39.153,,,QLD,Regional - QLD,590001,2026/08/11 11:00:51
2026/08/10,B2PL,540071,PIPE,15.353,19.070,0.000,15.062,,,QLD,Regional - QLD,590001,2026/08/11 12:30:10
2026/08/10,Bairnsdale Power Station,535020,BBGPG,0.000,0.000,0.000,0.000,,,VIC,Regional - VIC,590012,2026/08/11 11:01:04
2026/08/10,BCF,540047,COMPRESSOR,0.000,0.000,61.600,61.600,,,QLD,Regional - QLD,590001,2026/08/15 14:50:57
2026/08/10,Bell Bay CCGT,577016,BBGPG,32.663,0.000,0.000,0.000,,,TAS,Regional - TAS,590014,2026/08/12 12:01:00
2026/08/10,Bell Bay GGT,577014,BBGPG,0.000,0.000,0.000,0.000,,,TAS,Regional - TAS,590014,2026/08/12 12:01:00
2026/08/10,Bell Bay OCGT,577015,BBGPG,0.000,0.000,0.000,0.000,,,TAS,Regional - TAS,590014,2026/08/12 12:01:00
2026/08/10,Bellevue,540083,PROD,0.000,166.277,0.000,0.000,,,QLD,Regional - QLD,590001,2026/08/11 10:35:53
2026/08/10,BGP,580020,PIPE,0.302,0.000,0.000,0.000,,,NT,Regional - NT,590017,2026/08/11 12:46:30
2026/08/10,BlueScope,523204,BBLARGE,10.939,0.000,0.000,0.000,,,NSW,Sydney,520008,2026/08/13 14:00:05
2026/08/10,Bolivar,555008,BBGPG,0.000,0.000,0.000,0.000,,,SA,Regional - SA,590013,2026/08/11 12:05:47
2026/08/10,Bomaderry Gas Pipeline,523202,PIPE,22.869,0.000,22.869,0.000,,,NSW,Regional - NSW,590011,2026/08/11 12:52:03
2026/08/10,BPP,530030,PIPE,3.010,16.830,0.155,13.823,,,VIC,Gippsland,590009,2026/08/13 11:00:03
2026/08/10,Braemar 2 Power Station,544085,BBGPG,15.353,0.000,0.000,0.000,,,QLD,Regional - QLD,590001,2026/08/11 12:30:10
2026/08/10,Braemar Power Station,544252,BBGPG,0.032,0.000,0.000,0.000,,,QLD,Regional - QLD,590001,2026/08/11 11:00:51
2026/08/10,BWP,540096,PIPE,0.000,0.000,0.000,159.771,,,QLD,Wallumbilla Hub,540032,2026/08/11 12:46:30
2026/08/10,BWP,540096,PIPE,0.000,160.497,0.000,0.000,,,QLD,Regional - QLD,590001,2026/08/11 12:46:30
2026/08/10,CGP,540059,PIPE,0.000,0.000,61.614,0.000,,,QLD,Ballera,540078,2026/08/11 12:46:30
2026/08/10,CGP,540059,PIPE,63.673,0.000,0.000,0.000,,,QLD,Regional - QLD,590001,2026/08/11 12:46:30
2026/08/10,Channel Island Power Station,580231,BBGPG,15.257,0.000,0.000,0.000,,,NT,Darwin,580001,2026/08/11 12:46:30
2026/08/10,Colongra,523120,BBGPG,0.000,0.000,0.000,0.000,,,NSW,Regional - NSW,590011,2026/08/11 12:00:05
2026/08/10,ColongraGP,520090,PIPE,0.000,0.000,0.000,0.000,,,NSW,Sydney,520008,2026/08/11 12:00:05
2026/08/10,ColongraGP,520090,PIPE,0.000,0.000,0.000,0.000,,,NSW,Regional - NSW,590011,2026/08/11 12:00:05
2026/08/10,Combabula,540094,PROD,0.000,293.989,0.000,0.000,,,QLD,Regional - QLD,590001,2026/08/15 11:39:40
2026/08/10,Condabri Central,540080,PROD,0.000,149.203,0.000,0.000,,,QLD,Regional - QLD,590001,2026/08/15 11:39:40
2026/08/10,Condabri North,540090,PROD,0.000,93.313,0.000,0.000,,,QLD,Regional - QLD,590001,2026/08/15 11:39:40
2026/08/10,Condabri South,540086,PROD,0.000,155.924,0.000,0.000,,,QLD,Regional - QLD,590001,2026/08/15 11:39:40
2026/08/10,Condamine Power Station,544274,BBGPG,0.000,0.000,0.000,0.000,,,QLD,Regional - QLD,590001,2026/08/11 10:36:20
2026/08/10,CRWP,540098,PIPE,0.000,0.000,191.911,0.000,,,QLD,Wallumbilla Hub,540032,2026/08/11 10:43:06
2026/08/10,CRWP,540098,PIPE,0.000,237.476,39.181,473.600,,,QLD,Regional - QLD,590001,2026/08/11 10:43:06
2026/08/10,CWP,520054,PIPE,5.039,0.000,4.427,0.000,,,NSW,Regional - NSW,590011,2026/08/11 12:46:30
2026/08/10,Daandine,540050,PROD,0.000,34.128,0.000,0.000,,,QLD,Regional - QLD,590001,2026/08/11 12:30:10
2026/08/10,Dandenong LNG,530038,STOR,0.000,0.263,0.000,0.000,611.912,27.889,VIC,Melbourne,590008,2026/08/11 12:46:30
2026/08/10,DDP,540097,PIPE,0.000,0.000,0.000,252.393,,,QLD,Wallumbilla Hub,540032,2026/08/11 12:01:12
2026/08/10,DDP,540097,PIPE,0.005,347.139,171.904,273.414,,,QLD,Regional - QLD,590001,2026/08/11 12:01:12
2026/08/10,DDPS,544027,BBGPG,0.005,0.000,0.000,0.000,,,QLD,Regional - QLD,590001,2026/08/11 12:01:12
2026/08/10,Diamantina Power Station,544077,BBGPG,31.439,0.000,0.000,0.000,,,QLD,Regional - QLD,590001,2026/08/11 12:46:30
2026/08/10,Dry Creek Power Station,555026,BBGPG,0.000,0.000,0.000,0.000,,,SA,Regional - SA,590013,2026/08/11 11:31:05
2026/08/10,EGP,520047,PIPE,126.237,0.000,0.000,0.000,,,NSW,Sydney,520008,2026/08/13 14:00:05
2026/08/10,EGP,520047,PIPE,16.873,0.000,0.000,0.000,,,NSW,Canberra,520009,2026/08/13 14:00:05
2026/08/10,EGP,520047,PIPE,0.000,173.158,0.000,106.623,,,VIC,Longford Hub,530015,2026/08/13 14:00:05
2026/08/10,EGP,520047,PIPE,5.466,0.000,0.000,22.869,,,NSW,Regional - NSW,590011,2026/08/13 14:00:05
2026/08/10,EGP,520047,PIPE,1.195,73.858,0.000,0.000,,,VIC,Regional - VIC,590012,2026/08/13 14:00:05
2026/08/10,EO4PL,540055,PIPE,0.000,0.000,0.000,0.000,,,QLD,Regional - QLD,590001,2026/08/11 10:35:53
2026/08/10,Eurombah Creek,540089,PROD,0.000,147.329,0.000,0.000,,,QLD,Regional - QLD,590001,2026/08/15 11:39:40
2026/08/10,Fairview,540070,PROD,0.000,283.689,0.000,0.000,,,QLD,Regional - QLD,590001,2026/08/11 10:58:15
2026/08/10,GLNG (Curtis Island),544276,LNGEXPORT,803.440,0.000,0.000,0.000,,,QLD,Curtis Island,540030,2026/08/11 10:43:06
2026/08/10,GLNG Pipeline,540092,PIPE,803.440,0.000,0.000,0.000,,,QLD,Curtis Island,540030,2026/08/11 10:43:06
2026/08/10,GLNG Pipeline,540092,PIPE,0.000,420.814,473.600,68.227,,,QLD,Regional - QLD,590001,2026/08/11 10:35:53
2026/08/10,Hallett,555029,BBGPG,0.000,0.000,0.000,0.000,,,SA,Regional - SA,590013,2026/08/11 11:31:05
2026/08/10,Hunter Power Station,523210,BBGPG,0.000,0.000,0.000,0.000,,,NSW,Sydney,520008,2026/08/11 12:46:30
2026/08/10,ICF,530071,COMPRESSOR,0.000,0.000,6.900,6.900,,,VIC,Iona Hub,530016,2026/08/11 08:35:03
2026/08/10,Iona UGS,530042,STOR,11.685,119.529,0.000,0.000,14294.893,0.000,VIC,Iona Hub,530016,2026/08/11 08:30:02
2026/08/10,Jeerelang,533161,BBGPG,0.000,0.000,0.000,0.000,,,VIC,Gippsland,590009,2026/08/13 11:00:03
2026/08/10,Jordan,540088,PROD,0.000,334.879,0.000,0.000,,,QLD,Regional - QLD,590001,2026/08/11 10:35:53
2026/08/10,Katherine Power Station,580233,BBGPG,0.000,0.000,0.000,0.000,,,NT,Regional - NT,590017,2026/08/11 12:46:30
2026/08/10,Kenya,540075,PROD,0.000,126.532,0.000,0.000,,,QLD,Regional - QLD,590001,2026/08/11 10:35:53
2026/08/10,Kincora,544253,PROD,0.000,4.000,0.000,0.000,,,QLD,Regional - QLD,590001,2026/08/11 12:46:30
2026/08/10,KKLP,523209,PIPE,0.000,0.000,0.000,0.000,,,NSW,Sydney,520008,2026/08/11 12:46:30
2026/08/10,Kogan North,540061,PROD,0.000,4.359,0.000,0.000,,,QLD,Regional - QLD,590001,2026/08/11 12:46:30
2026/08/10,Ladbroke Grove PS,555086,BBGPG,4.134,0.000,0.000,0.000,,,SA,Regional - SA,590013,2026/08/11 12:46:30
2026/08/10,Lang Lang,530039,PROD,0.000,16.830,0.000,0.000,,,VIC,Gippsland,590009,2026/08/11 13:20:51
2026/08/10,Laverton,533201,BBGPG,0.000,0.000,0.000,0.000,,,VIC,Geelong,590005,2026/08/13 11:00:03
2026/08/10,Longford,530040,PROD,0.000,597.933,0.000,0.000,,,VIC,Longford Hub,530015,2026/08/11 08:53:00
2026/08/10,Loy Yang B,533163,BBGPG,0.000,0.000,0.000,0.000,,,VIC,Gippsland,590009,2026/08/11 11:00:54
2026/08/10,LYB Transmission Pipeline,535023,PIPE,0.006,0.000,0.000,0.000,,,VIC,Gippsland,590009,2026/08/11 11:00:54
2026/08/10,MAPS,550054,PIPE,43.836,0.000,0.000,0.000,,,SA,Adelaide,550016,2026/08/11 11:31:05
2026/08/10,MAPS,550054,PIPE,0.000,30.531,87.515,0.000,,,SA,Moomba Hub,550017,2026/08/11 11:31:05
2026/08/10,MAPS,550054,PIPE,57.127,0.000,1.304,0.000,,,SA,Regional - SA,590013,2026/08/11 11:31:05
2026/08/10,McArthur River Mine,580220,BBGPG,8.605,0.000,0.000,0.000,,,NT,Regional - NT,590017,2026/08/11 08:46:18
2026/08/10,MCF,550050,COMPRESSOR,0.000,0.000,0.000,0.000,,,SA,Moomba Hub,550017,2026/08/11 12:46:30
2026/08/10,Mereenie,580040,PROD,0.000,26.393,0.000,0.000,,,NT,Regional - NT,590017,2026/08/11 11:15:54
2026/08/10,Meridian,540064,PROD,0.000,47.577,0.000,0.000,,,QLD,Regional - QLD,590001,2026/08/11 09:39:02
2026/08/10,Mintaro Power Station,555031,BBGPG,0.000,0.000,0.000,0.000,,,SA,Regional - SA,590013,2026/08/11 11:31:05
2026/08/10,Moomba,550045,PROD,0.000,174.000,0.000,0.000,,,SA,Moomba Hub,550017,2026/08/15 14:50:57
2026/08/10,Moomba Storage,550046,STOR,0.000,0.000,0.000,0.000,6305.600,0.000,SA,Moomba Hub,550017,2026/08/15 14:50:57
2026/08/10,Mortlake PS,530063,BBGPG,0.000,0.000,0.000,0.000,,,VIC,Regional - VIC,590012,2026/08/11 07:20:00
2026/08/10,MPL,530061,PIPE,0.000,0.000,6.102,1.993,,,VIC,Iona Hub,530016,2026/08/11 07:20:00
2026/08/10,MPL,530061,PIPE,0.000,0.000,0.000,0.000,,,VIC,Regional - VIC,590012,2026/08/11 07:20:00
2026/08/10,MRP,580100,PIPE,8.605,0.000,8.606,0.000,,,NT,Regional - NT,590017,2026/08/11 08:46:18
2026/08/10,MSP,520053,PIPE,149.864,0.000,0.000,0.000,,,NSW,Sydney,520008,2026/08/11 12:46:30
2026/08/10,MSP,520053,PIPE,0.000,0.000,182.066,2.000,,,SA,Moomba Hub,550017,2026/08/11 12:46:30
2026/08/10,MSP,520053,PIPE,48.096,0.000,0.000,4.427,,,NSW,Regional - NSW,590011,2026/08/11 12:46:30
2026/08/10,MSP,520053,PIPE,23.336,0.000,0.000,0.000,,,NSW,Regional - ACT,590015,2026/08/11 12:46:30
2026/08/10,MSP,520053,PIPE,0.000,0.000,43.978,0.000,,,NSW,Culcairn,590016,2026/08/11 12:46:30
2026/08/10,Newport,533171,BBGPG,0.004,0.000,0.000,0.000,,,VIC,Melbourne,590008,2026/08/13 11:00:03
2026/08/10,NGP,580050,PIPE,0.000,0.000,0.000,0.000,,,QLD,Regional - QLD,590001,2026/08/11 12:01:19
2026/08/10,NGP,580050,PIPE,0.000,0.000,0.000,0.000,,,NT,Regional - NT,590017,2026/08/11 12:01:19
2026/08/10,NGS,520060,STOR,0.030,0.907,0.000,0.000,676.759,76.810,NSW,Sydney,520008,2026/08/11 07:55:46
2026/08/10,Oakey PS,544095,BBGPG,0.000,0.000,0.000,0.000,,,QLD,Regional - QLD,590001,2026/08/11 12:46:30
2026/08/10,Orana,540084,PROD,0.000,170.721,0.000,0.000,,,QLD,Regional - QLD,590001,2026/08/15 11:39:40
2026/08/10,Orbost,530041,PROD,0.000,73.858,0.000,0.000,,,VIC,Regional - VIC,590012,2026/08/13 14:00:05
2026/08/10,Orica,544011,BBLARGE,9.748,0.000,0.000,0.000,,,QLD,Regional - QLD,590001,2026/08/12 18:00:11
2026/08/10,Orica (Kooragang Island),523206,BBLARGE,39.826,0.000,0.000,0.000,,,NSW,Sydney,520008,2026/08/11 13:00:00
2026/08/10,Osborne,555033,BBGPG,0.000,0.000,0.000,0.000,,,SA,Regional - SA,590013,2026/08/11 11:31:05
2026/08/10,Otway,530044,PROD,0.000,115.667,0.000,0.000,,,VIC,Iona Hub,530016,2026/08/11 15:57:46
2026/08/10,Owen Springs Power Station,580235,BBGPG,1.157,0.000,0.000,0.000,,,NT,Regional - NT,590017,2026/08/11 06:41:56
2026/08/10,Palm Valley,580060,PROD,0.000,5.720,0.000,0.000,,,NT,Regional - NT,590017,2026/08/11 11:15:54
2026/08/10,PCA,550052,PIPE,0.002,12.813,36.313,6.867,,,VIC,Iona Hub,530016,2026/08/11 07:20:01
2026/08/10,PCA,550052,PIPE,14.745,0.000,0.000,0.000,,,SA,Adelaide,550016,2026/08/11 07:20:01
2026/08/10,PCA,550052,PIPE,0.000,0.000,0.000,10.863,,,VIC,Regional - VIC,590012,2026/08/11 07:20:01
2026/08/10,PCA,550052,PIPE,0.787,0.000,0.000,1.299,,,SA,Regional - SA,590013,2026/08/11 07:20:01
2026/08/10,PCI,530060,PIPE,0.000,126.984,8.860,135.844,,,VIC,Iona Hub,530016,2026/08/11 07:20:01
2026/08/10,Peat,540065,PROD,0.000,11.817,0.000,0.000,,,QLD,Regional - QLD,590001,2026/08/15 11:39:40
2026/08/10,Pelican Point Power Station,555089,BBGPG,13.455,0.000,0.000,0.000,,,SA,Regional - SA,590013,2026/08/11 07:20:01
2026/08/10,Phosphate Hill,544081,BBLARGE,22.657,0.000,0.000,0.000,,,QLD,Regional - QLD,590001,2026/08/11 12:46:30
2026/08/10,Pipeline Compression Station,544279,COMPRESSOR,0.000,0.000,0.000,0.000,,,QLD,Regional - QLD,590001,2026/08/11 10:43:06
2026/08/10,PVP,580070,PIPE,1.661,0.000,1.687,0.000,,,NT,Regional - NT,590017,2026/08/11 06:41:56
2026/08/10,QCLNG LNG Plant,544272,LNGEXPORT,1505.409,0.000,0.000,0.000,,,QLD,Curtis Island,540030,2026/08/11 10:35:53
2026/08/10,QGP,540058,PIPE,0.000,0.000,25.430,0.000,,,QLD,Wallumbilla Hub,540032,2026/08/12 18:00:11
2026/08/10,QGP,540058,PIPE,123.886,23.400,74.384,0.000,,,QLD,Regional - QLD,590001,2026/08/12 18:00:11
2026/08/10,Quarantine Power Station,555087,BBGPG,0.000,0.000,0.000,0.000,,,SA,Regional - SA,590013,2026/08/11 11:31:05
2026/08/10,Queensland Aluminia,544012,BBLARGE,25.846,0.000,0.000,0.000,,,QLD,Regional - QLD,590001,2026/08/12 18:00:11
2026/08/10,RBP,540057,PIPE,0.000,0.000,0.000,109.854,,,QLD,Wallumbilla Hub,540032,2026/08/11 12:46:30
2026/08/10,RBP,540057,PIPE,3.925,104.780,61.235,0.000,,,QLD,Regional - QLD,590001,2026/08/11 12:46:30
2026/08/10,RBP,540057,PIPE,54.731,0.000,0.000,0.000,,,QLD,Brisbane,590002,2026/08/11 12:46:30
2026/08/10,RCWP,540102,PIPE,0.000,0.000,130.631,0.384,,,QLD,Wallumbilla Hub,540032,2026/08/11 12:46:30
2026/08/10,RCWP,540102,PIPE,0.000,0.000,32.549,151.575,,,QLD,Regional - QLD,590001,2026/08/11 12:46:30
2026/08/10,Reedy Creek,540085,PROD,0.000,200.093,0.000,0.000,,,QLD,Regional - QLD,590001,2026/08/15 11:39:40
2026/08/10,RMNGPF,640011,PROD,0.000,16.170,0.000,0.000,,,QLD,Regional - QLD,590001,2026/08/11 09:58:33
2026/08/10,RNMGP,640012,PIPE,0.000,16.170,0.000,16.170,,,QLD,Regional - QLD,590001,2026/08/11 09:58:33
2026/08/10,RNP,640009,PIPE,0.000,23.011,0.000,23.011,,,QLD,Regional - QLD,590001,2026/08/11 12:01:10
2026/08/10,Rolleston,540073,PROD,0.000,8.271,0.000,0.000,,,QLD,Regional - QLD,590001,2026/08/12 18:00:11
2026/08/10,Roma,540095,PROD,0.000,237.476,0.000,0.000,,,QLD,Regional - QLD,590001,2026/08/11 10:58:19
2026/08/10,Roma North,544260,PROD,0.000,23.011,0.000,0.000,,,QLD,Regional - QLD,590001,2026/08/11 12:01:21
2026/08/10,Roma Power Station,540120,BBGPG,0.000,0.000,0.000,0.000,,,QLD,Regional - QLD,590001,2026/08/11 20:27:57
2026/08/10,Ron Goodin Power Station,580234,BBGPG,0.000,0.000,0.000,0.000,,,NT,Regional - NT,590017,2026/08/11 06:41:56
2026/08/10,RPL,540110,PIPE,0.061,0.000,0.000,0.000,,,QLD,Regional - QLD,590001,2026/08/11 20:27:57
2026/08/10,Ruby Jo,540082,PROD,0.000,435.301,0.000,0.000,,,QLD,Regional - QLD,590001,2026/08/11 10:35:53
2026/08/10,RUGS,540040,STOR,0.000,4.001,0.000,0.000,15153.108,0.000,QLD,Regional - QLD,590001,2026/08/11 10:58:19
2026/08/10,Scotia,540072,PROD,0.000,93.042,0.000,0.000,,,QLD,Regional - QLD,590001,2026/08/11 10:58:19
2026/08/10,SEPS,550061,PIPE,6.535,0.000,6.547,0.000,,,SA,Regional - SA,590013,2026/08/11 11:32:05
2026/08/10,SESA,550060,PIPE,0.000,0.000,10.864,0.000,,,VIC,Regional - VIC,590012,2026/08/11 12:46:30
2026/08/10,SESA,550060,PIPE,4.134,0.000,0.000,6.542,,,SA,Regional - SA,590013,2026/08/11 12:46:30
2026/08/10,Shoalhaven Starches Cogeneration Plant,523203,BBLARGE,22.869,0.000,0.000,0.000,,,NSW,Regional - NSW,590011,2026/08/11 12:52:03
2026/08/10,Smithfield Energy Facility,522004,BBGPG,0.000,0.000,0.000,0.000,,,NSW,Regional - NSW,590011,2026/08/11 12:05:35
2026/08/10,Snapper Point,555090,BBGPG,0.000,0.000,0.000,0.000,,,SA,Regional - SA,590013,2026/08/11 11:31:05
2026/08/10,Somerton,533174,BBGPG,0.000,0.000,0.000,0.000,,,VIC,Melbourne,590008,2026/08/13 11:00:03
2026/08/10,Spring Gully,540066,PROD,0.000,47.809,0.000,0.000,,,QLD,Regional - QLD,590001,2026/08/15 11:39:40
2026/08/10,SSP,540103,PIPE,0.000,6.070,0.000,6.070,,,QLD,Regional - QLD,590001,2026/08/11 10:46:25
2026/08/10,SSSF,540062,STOR,0.000,6.300,0.000,0.000,8606.512,0.000,QLD,Regional - QLD,590001,2026/08/11 10:46:25
2026/08/10,Strathblane,540067,PROD,0.000,52.874,0.000,0.000,,,QLD,Regional - QLD,590001,2026/08/15 11:39:40
2026/08/10,Swanbank Power Station,544104,BBGPG,0.000,0.000,0.000,0.000,,,QLD,Brisbane,590002,2026/08/11 12:46:30
2026/08/10,SWQP,540060,PIPE,0.000,0.000,522.402,347.972,,,QLD,Wallumbilla Hub,540032,2026/08/11 12:46:30
2026/08/10,SWQP,540060,PIPE,0.000,0.000,0.000,66.295,,,QLD,Ballera,540078,2026/08/11 12:46:30
2026/08/10,SWQP,540060,PIPE,0.000,143.427,0.000,267.581,,,SA,Moomba Hub,550017,2026/08/11 12:46:30
2026/08/10,SWQP,540060,PIPE,0.117,0.000,0.000,0.000,,,QLD,Regional - QLD,590001,2026/08/11 12:46:30
2026/08/10,Talinga,540076,PROD,0.000,85.843,0.000,0.000,,,QLD,Regional - QLD,590001,2026/08/15 11:39:40
2026/08/10,Tallawarra,522002,BBGPG,0.000,0.000,0.000,0.000,,,NSW,Regional - NSW,590011,2026/08/11 11:00:04
2026/08/10,Tallawarra Pipeline,523201,PIPE,0.000,0.000,0.000,0.000,,,NSW,Regional - NSW,590011,2026/08/11 11:00:04
2026/08/10,Taloona,540068,PROD,0.000,41.290,0.000,0.000,,,QLD,Regional - QLD,590001,2026/08/15 11:39:40
2026/08/10,Tanami GP,580210,PIPE,8.167,0.000,8.300,0.000,,,NT,Regional - NT,590017,2026/08/11 12:02:00
2026/08/10,TGP,570050,PIPE,0.000,0.000,83.422,34.516,,,VIC,Longford Hub,530015,2026/08/12 12:01:00
2026/08/10,TGP,570050,PIPE,50.141,0.000,0.000,0.000,,,TAS,Regional - TAS,590014,2026/08/12 12:01:00
2026/08/10,Tipton,540051,PROD,0.000,41.300,0.000,0.000,,,QLD,Regional - QLD,590001,2026/08/11 12:30:10
2026/08/10,Torrens Island PS,555041,BBGPG,23.147,0.000,0.000,0.000,,,SA,Regional - SA,590013,2026/08/11 11:31:05
2026/08/10,Uranquinty Power Station,522047,BBGPG,0.000,0.000,0.000,0.000,,,NSW,Regional - NSW,590011,2026/08/11 12:46:30
2026/08/10,Valley Power GPG,535024,BBGPG,0.006,0.000,0.000,0.000,,,VIC,Gippsland,590009,2026/08/11 11:00:54
2026/08/10,VicHub,532005,PIPE,0.000,0.000,23.200,23.200,,,VIC,Longford Hub,530015,2026/08/11 12:01:24
2026/08/10,Viva Energy Refinery,535018,BBLARGE,12.385,0.000,0.000,0.000,,,VIC,Geelong,590005,2026/08/11 07:30:16
2026/08/10,VTS,530110,PIPE,0.000,423.311,57.732,0.000,,,VIC,Longford Hub,530015,2026/08/13 11:00:03
2026/08/10,VTS,530110,PIPE,0.000,102.220,93.428,0.000,,,VIC,Iona Hub,530016,2026/08/13 11:00:03
2026/08/10,VTS,530110,PIPE,12.852,0.000,0.000,0.000,,,VIC,Western,590004,2026/08/13 11:00:03
2026/08/10,VTS,530110,PIPE,67.867,0.000,0.000,0.000,,,VIC,Geelong,590005,2026/08/13 11:00:03
2026/08/10,VTS,530110,PIPE,46.449,0.000,0.000,0.000,,,VIC,Ballarat,590006,2026/08/13 11:00:03
2026/08/10,VTS,530110,PIPE,71.459,0.000,0.000,0.000,,,VIC,Northern,590007,2026/08/13 11:00:03
2026/08/10,VTS,530110,PIPE,421.176,0.201,0.000,0.000,,,VIC,Melbourne,590008,2026/08/13 11:00:03
2026/08/10,VTS,530110,PIPE,49.372,0.000,13.823,0.155,,,VIC,Gippsland,590009,2026/08/13 11:00:03
2026/08/10,VTS,530110,PIPE,0.000,0.000,0.000,43.977,,,NSW,Culcairn,590016,2026/08/13 11:00:03
2026/08/10,Wallumbilla Compression Station,544280,COMPRESSOR,0.000,0.000,0.000,0.000,,,QLD,Wallumbilla Hub,540032,2026/08/11 10:43:06
2026/08/10,WCFA,540045,COMPRESSOR,0.000,0.000,357.492,357.492,,,QLD,Wallumbilla Hub,540032,2026/08/11 12:46:30
2026/08/10,WCFB,540046,COMPRESSOR,0.000,0.000,154.086,154.086,,,QLD,Wallumbilla Hub,540032,2026/08/11 12:46:30
2026/08/10,Weddell Power Station,580232,BBGPG,19.648,0.000,0.000,0.000,,,NT,Darwin,580001,2026/08/11 12:46:30
2026/08/10,WGP,540091,PIPE,1505.409,0.000,0.000,0.000,,,QLD,Curtis Island,540030,2026/08/11 10:35:53
2026/08/10,WGP,540091,PIPE,0.000,1469.028,0.003,0.000,,,QLD,Regional - QLD,590001,2026/08/11 10:35:53
2026/08/10,Whyalla Steelworks,555085,BBLARGE,3.616,0.000,0.000,0.000,,,SA,Regional - SA,590013,2026/08/11 11:31:05
2026/08/10,Windibri,540069,PROD,0.000,75.323,0.000,0.000,,,QLD,Regional - QLD,590001,2026/08/11 10:35:53
2026/08/10,Woleebee Creek,540087,PROD,0.000,643.864,0.000,0.000,,,QLD,Regional - QLD,590001,2026/08/11 10:35:53
2026/08/10,WPP,580030,PIPE,19.648,25.058,0.000,5.419,,,NT,Darwin,580001,2026/08/11 12:46:30
2026/08/10,Yarwun,544282,BBGPG,71.237,0.000,0.000,0.000,,,QLD,Regional - QLD,590001,2026/08/12 18:00:11
2026/08/10,Yelcherr,580180,PROD,0.000,0.000,0.000,0.000,,,NT,Regional - NT,590017,2026/08/11 12:46:30
2026/08/10,Yellowbank,540074,PROD,0.000,11.879,0.000,0.000,,,QLD,Regional - QLD,590001,2026/08/12 18:00:11
2026/08/11,Adelaide Brighton,555091,BBLARGE,11.204,0.000,0.000,0.000,,,SA,Adelaide,550016,2026/09/01 13:00:01
2026/08/11,AGP,580010,PIPE,21.345,0.000,8.998,0.000,,,NT,Darwin,580001,2026/08/12 12:46:30
2026/08/11,AGP,580010,PIPE,7.105,32.142,0.000,18.253,,,NT,Regional - NT,590017,2026/08/12 12:46:30
2026/08/11,APLNG Pipeline,540093,PIPE,1521.526,0.000,0.000,0.000,,,QLD,Curtis Island,540030,2026/08/16 11:35:09
2026/08/11,APLNG Pipeline,540093,PIPE,0.000,1277.282,502.705,199.367,,,QLD,Regional - QLD,590001,2026/08/16 11:35:09
2026/08/11,Arcadia,540101,PROD,0.000,97.718,0.000,0.000,,,QLD,Regional - QLD,590001,2026/08/12 11:13:18
2026/08/11,ATGP,640013,PIPE,0.000,43.462,0.000,43.462,,,QLD,Regional - QLD,590001,2026/08/12 12:01:10
2026/08/11,ATHENA,535014,PROD,0.000,17.068,0.000,0.000,,,VIC,Iona Hub,530016,2026/08/16 10:21:11
2026/08/11,Atlas,544261,PROD,0.000,43.462,0.000,0.000,,,QLD,Regional - QLD,590001,2026/08/12 12:01:14
2026/08/11,Atlas East Central Processing Facility,640008,PROD,0.000,31.540,0.000,0.000,,,QLD,Regional - QLD,590001,2026/08/12 10:52:44
2026/08/11,Atlas to Reedy Creek Pipeline,640007,PIPE,0.000,32.772,0.000,30.389,,,QLD,Regional - QLD,590001,2026/08/12 12:46:30
2026/08/11,Australia Pacific LNG,544273,LNGEXPORT,1521.527,0.000,0.000,0.000,,,QLD,Curtis Island,540030,2026/08/12 12:00:25
2026/08/11,Australian Paper (Opal),535021,BBLARGE,8.173,0.000,0.000,0.000,,,VIC,Gippsland,590009,2026/08/13 11:00:03
2026/08/11,B1PL,540077,PIPE,0.035,40.288,0.000,38.753,,,QLD,Regional - QLD,590001,2026/08/12 11:00:54
2026/08/11,B2PL,540071,PIPE,2.912,48.347,0.000,50.494,,,QLD,Regional - QLD,590001,2026/08/12 12:30:03
2026/08/11,Bairnsdale Power Station,535020,BBGPG,0.000,0.000,0.000,0.000,,,VIC,Regional - VIC,590012,2026/08/12 11:00:55
2026/08/11,BCF,540047,COMPRESSOR,0.000,0.000,66.000,66.000,,,QLD,Regional - QLD,590001,2026/08/16 15:05:01
2026/08/11,Bell Bay CCGT,577016,BBGPG,27.305,0.000,0.000,0.000,,,TAS,Regional - TAS,590014,2026/08/13 12:01:00
2026/08/11,Bell Bay GGT,577014,BBGPG,0.000,0.000,0.000,0.000,,,TAS,Regional - TAS,590014,2026/08/13 12:01:00
2026/08/11,Bell Bay OCGT,577015,BBGPG,0.000,0.000,0.000,0.000,,,TAS,Regional - TAS,590014,2026/08/13 12:01:00
2026/08/11,Bellevue,540083,PROD,0.000,162.626,0.000,0.000,,,QLD,Regional - QLD,590001,2026/08/12 10:36:19
2026/08/11,BGP,580020,PIPE,0.312,0.000,0.000,0.000,,,NT,Regional - NT,590017,2026/08/12 12:46:30
2026/08/11,BlueScope,523204,BBLARGE,12.328,0.000,0.000,0.000,,,NSW,Sydney,520008,2026/08/13 15:00:05
2026/08/11,Bolivar,555008,BBGPG,0.000,0.000,0.000,0.000,,,SA,Regional - SA,590013,2026/08/12 12:05:07
2026/08/11,Bomaderry Gas Pipeline,523202,PIPE,22.869,0.000,22.755,0.000,,,NSW,Regional - NSW,590011,2026/08/12 13:56:54
2026/08/11,BPP,530030,PIPE,2.730,21.290,0.000,18.558,,,VIC,Gippsland,590009,2026/08/13 11:00:03
2026/08/11,Braemar 2 Power Station,544085,BBGPG,2.912,0.000,0.000,0.000,,,QLD,Regional - QLD,590001,2026/08/12 12:30:03
2026/08/11,Braemar Power Station,544252,BBGPG,0.035,0.000,0.000,0.000,,,QLD,Regional - QLD,590001,2026/08/12 11:00:54
2026/08/11,BWP,540096,PIPE,0.000,0.000,0.000,156.810,,,QLD,Wallumbilla Hub,540032,2026/08/12 12:46:30
2026/08/11,BWP,540096,PIPE,0.000,155.998,0.000,0.000,,,QLD,Regional - QLD,590001,2026/08/12 12:46:30
2026/08/11,CGP,540059,PIPE,0.000,0.000,66.028,0.000,,,QLD,Ballera,540078,2026/08/12 12:46:30
2026/08/11,CGP,540059,PIPE,63.885,0.000,0.000,0.000,,,QLD,Regional - QLD,590001,2026/08/12 12:46:30
2026/08/11,Channel Island Power Station,580231,BBGPG,21.345,0.000,0.000,0.000,,,NT,Darwin,580001,2026/08/12 12:46:30
2026/08/11,Colongra,523120,BBGPG,0.000,0.000,0.000,0.000,,,NSW,Regional - NSW,590011,2026/08/12 12:00:05
2026/08/11,ColongraGP,520090,PIPE,0.000,0.000,0.000,0.000,,,NSW,Sydney,520008,2026/08/12 12:00:05
2026/08/11,ColongraGP,520090,PIPE,0.000,0.000,0.000,0.000,,,NSW,Regional - NSW,590011,2026/08/12 12:00:05
2026/08/11,Combabula,540094,PROD,0.000,293.174,0.000,0.000,,,QLD,Regional - QLD,590001,2026/08/16 11:35:09
2026/08/11,Condabri Central,540080,PROD,0.000,144.517,0.000,0.000,,,QLD,Regional - QLD,590001,2026/08/16 11:35:09
2026/08/11,Condabri North,540090,PROD,0.000,108.633,0.000,0.000,,,QLD,Regional - QLD,590001,2026/08/16 11:35:09
2026/08/11,Condabri South,540086,PROD,0.000,156.242,0.000,0.000,,,QLD,Regional - QLD,590001,2026/08/16 11:35:09
2026/08/11,Condamine Power Station,544274,BBGPG,0.000,0.000,0.000,0.000,,,QLD,Regional - QLD,590001,2026/08/12 10:35:42
2026/08/11,CRWP,540098,PIPE,0.000,0.000,170.404,0.000,,,QLD,Wallumbilla Hub,540032,2026/08/12 11:13:05
2026/08/11,CRWP,540098,PIPE,0.000,236.800,38.920,426.172,,,QLD,Regional - QLD,590001,2026/08/12 11:13:05
2026/08/11,CWP,520054,PIPE,5.908,0.000,6.087,0.000,,,NSW,Regional - NSW,590011,2026/08/12 12:46:30
2026/08/11,Daandine,540050,PROD,0.000,52.619,0.000,0.000,,,QLD,Regional - QLD,590001,2026/08/12 12:30:02
2026/08/11,Dandenong LNG,530038,STOR,0.000,0.289,0.000,0.000,611.654,27.889,VIC,Melbourne,590008,2026/08/12 12:46:30
2026/08/11,DDP,540097,PIPE,0.000,0.000,0.000,224.939,,,QLD,Wallumbilla Hub,540032,2026/08/12 12:01:08
2026/08/11,DDP,540097,PIPE,0.005,349.987,146.734,272.592,,,QLD,Regional - QLD,590001,2026/08/12 12:01:08
2026/08/11,DDPS,544027,BBGPG,0.005,0.000,0.000,0.000,,,QLD,Regional - QLD,590001,2026/08/12 12:01:08
2026/08/11,Diamantina Power Station,544077,BBGPG,32.740,0.000,0.000,0.000,,,QLD,Regional - QLD,590001,2026/08/12 12:46:30
2026/08/11,Dry Creek Power Station,555026,BBGPG,0.000,0.000,0.000,0.000,,,SA,Regional - SA,590013,2026/08/12 11:31:05
2026/08/11,EGP,520047,PIPE,127.938,0.000,0.000,0.000,,,NSW,Sydney,520008,2026/08/13 15:00:05
2026/08/11,EGP,520047,PIPE,16.685,0.000,0.000,0.000,,,NSW,Canberra,520009,2026/08/13 15:00:05
2026/08/11,EGP,520047,PIPE,0.000,187.423,0.000,101.853,,,VIC,Longford Hub,530015,2026/08/13 15:00:05
2026/08/11,EGP,520047,PIPE,5.204,0.000,0.000,22.755,,,NSW,Regional - NSW,590011,2026/08/13 15:00:05
2026/08/11,EGP,520047,PIPE,0.982,73.373,0.000,0.000,,,VIC,Regional - VIC,590012,2026/08/13 15:00:05
2026/08/11,EO4PL,540055,PIPE,0.000,0.000,0.000,0.000,,,QLD,Regional - QLD,590001,2026/08/12 10:36:19
2026/08/11,Eurombah Creek,540089,PROD,0.000,142.737,0.000,0.000,,,QLD,Regional - QLD,590001,2026/08/16 11:35:09
2026/08/11,Fairview,540070,PROD,0.000,280.453,0.000,0.000,,,QLD,Regional - QLD,590001,2026/08/12 11:13:18
2026/08/11,GLNG (Curtis Island),544276,LNGEXPORT,788.343,0.000,0.000,0.000,,,QLD,Curtis Island,540030,2026/08/12 11:13:05
2026/08/11,GLNG Pipeline,540092,PIPE,788.343,0.000,0.000,0.000,,,QLD,Curtis Island,540030,2026/08/12 11:13:05
2026/08/11,GLNG Pipeline,540092,PIPE,0.000,421.519,426.172,59.040,,,QLD,Regional - QLD,590001,2026/08/12 10:36:19
2026/08/11,Hallett,555029,BBGPG,0.000,0.000,0.000,0.000,,,SA,Regional - SA,590013,2026/08/12 11:31:05
2026/08/11,Hunter Power Station,523210,BBGPG,0.000,0.000,0.000,0.000,,,NSW,Sydney,520008,2026/08/12 12:46:30
2026/08/11,ICF,530071,COMPRESSOR,0.000,0.000,2.103,2.103,,,VIC,Iona Hub,530016,2026/08/12 08:35:03
2026/08/11,Iona UGS,530042,STOR,2.103,101.676,0.000,0.000,14195.320,0.000,VIC,Iona Hub,530016,2026/08/12 08:30:02
2026/08/11,Jeerelang,533161,BBGPG,0.000,0.000,0.000,0.000,,,VIC,Gippsland,590009,2026/08/13 11:00:03
2026/08/11,Jordan,540088,PROD,0.000,334.111,0.000,0.000,,,QLD,Regional - QLD,590001,2026/08/12 10:36:19
2026/08/11,Katherine Power Station,580233,BBGPG,0.000,0.000,0.000,0.000,,,NT,Regional - NT,590017,2026/08/12 12:46:30
2026/08/11,Kenya,540075,PROD,0.000,120.780,0.000,0.000,,,QLD,Regional - QLD,590001,2026/08/12 10:36:19
2026/08/11,Kincora,544253,PROD,0.000,4.000,0.000,0.000,,,QLD,Regional - QLD,590001,2026/08/12 12:46:30
2026/08/11,KKLP,523209,PIPE,0.000,0.000,0.000,0.000,,,NSW,Sydney,520008,2026/08/12 12:46:30
2026/08/11,Kogan North,540061,PROD,0.000,4.359,0.000,0.000,,,QLD,Regional - QLD,590001,2026/08/12 12:46:30
2026/08/11,Ladbroke Grove PS,555086,BBGPG,0.000,0.000,0.000,0.000,,,SA,Regional - SA,590013,2026/08/12 12:46:30
2026/08/11,Lang Lang,530039,PROD,0.000,21.290,0.000,0.000,,,VIC,Gippsland,590009,2026/08/12 13:00:33
2026/08/11,Laverton,533201,BBGPG,0.000,0.000,0.000,0.000,,,VIC,Geelong,590005,2026/08/13 11:00:03
2026/08/11,Longford,530040,PROD,0.000,595.805,0.000,0.000,,,VIC,Longford Hub,530015,2026/08/12 08:45:55
2026/08/11,Loy Yang B,533163,BBGPG,0.000,0.000,0.000,0.000,,,VIC,Gippsland,590009,2026/08/12 11:00:51
2026/08/11,LYB Transmission Pipeline,535023,PIPE,0.000,0.000,0.000,0.000,,,VIC,Gippsland,590009,2026/08/12 11:00:51
2026/08/11,MAPS,550054,PIPE,43.533,0.000,0.000,0.000,,,SA,Adelaide,550016,2026/08/12 11:31:05
2026/08/11,MAPS,550054,PIPE,0.000,31.840,28.693,0.000,,,SA,Moomba Hub,550017,2026/08/12 11:31:05
2026/08/11,MAPS,550054,PIPE,41.571,0.000,15.000,0.000,,,SA,Regional - SA,590013,2026/08/12 11:31:05
2026/08/11,McArthur River Mine,580220,BBGPG,8.492,0.000,0.000,0.000,,,NT,Regional - NT,590017,2026/08/12 09:07:07
2026/08/11,MCF,550050,COMPRESSOR,0.000,0.000,0.000,0.000,,,SA,Moomba Hub,550017,2026/08/12 12:46:30
2026/08/11,Mereenie,580040,PROD,0.000,26.434,0.000,0.000,,,NT,Regional - NT,590017,2026/08/12 11:33:20
2026/08/11,Meridian,540064,PROD,0.000,47.598,0.000,0.000,,,QLD,Regional - QLD,590001,2026/08/12 09:39:04
2026/08/11,Mintaro Power Station,555031,BBGPG,0.000,0.000,0.000,0.000,,,SA,Regional - SA,590013,2026/08/12 11:31:05
2026/08/11,Moomba,550045,PROD,0.000,173.300,0.000,0.000,,,SA,Moomba Hub,550017,2026/08/16 15:05:01
2026/08/11,Moomba Storage,550046,STOR,0.000,0.000,0.000,0.000,6305.600,0.000,SA,Moomba Hub,550017,2026/08/16 15:05:01
2026/08/11,Mortlake PS,530063,BBGPG,0.000,0.000,0.000,0.000,,,VIC,Regional - VIC,590012,2026/08/12 07:20:00
2026/08/11,MPL,530061,PIPE,0.000,0.000,1.425,10.442,,,VIC,Iona Hub,530016,2026/08/12 07:20:00
2026/08/11,MPL,530061,PIPE,0.000,0.000,0.000,0.000,,,VIC,Regional - VIC,590012,2026/08/12 07:20:00
2026/08/11,MRP,580100,PIPE,8.492,0.000,8.493,0.000,,,NT,Regional - NT,590017,2026/08/12 09:07:07
2026/08/11,MSP,520053,PIPE,135.634,0.000,0.000,0.000,,,NSW,Sydney,520008,2026/08/12 12:46:30
2026/08/11,MSP,520053,PIPE,0.000,0.000,181.498,1.500,,,SA,Moomba Hub,550017,2026/08/12 12:46:30
2026/08/11,MSP,520053,PIPE,44.283,0.000,0.000,6.087,,,NSW,Regional - NSW,590011,2026/08/12 12:46:30
2026/08/11,MSP,520053,PIPE,16.608,0.000,0.000,0.000,,,NSW,Regional - ACT,590015,2026/08/12 12:46:30
2026/08/11,MSP,520053,PIPE,0.000,0.000,46.188,0.000,,,NSW,Culcairn,590016,2026/08/12 12:46:30
2026/08/11,Newport,533171,BBGPG,0.002,0.000,0.000,0.000,,,VIC,Melbourne,590008,2026/08/13 11:00:03
2026/08/11,NGP,580050,PIPE,0.000,0.000,0.000,0.000,,,QLD,Regional - QLD,590001,2026/08/12 12:01:12
2026/08/11,NGP,580050,PIPE,0.000,0.000,0.000,0.000,,,NT,Regional - NT,590017,2026/08/12 12:01:12
2026/08/11,NGS,520060,STOR,0.190,0.486,0.000,0.000,676.582,76.810,NSW,Sydney,520008,2026/08/12 07:43:51
2026/08/11,Oakey PS,544095,BBGPG,0.000,0.000,0.000,0.000,,,QLD,Regional - QLD,590001,2026/08/12 12:46:30
2026/08/11,Orana,540084,PROD,0.000,170.272,0.000,0.000,,,QLD,Regional - QLD,590001,2026/08/16 11:35:09
2026/08/11,Orbost,530041,PROD,0.000,73.373,0.000,0.000,,,VIC,Regional - VIC,590012,2026/08/13 15:00:05
2026/08/11,Orica,544011,BBLARGE,8.819,0.000,0.000,0.000,,,QLD,Regional - QLD,590001,2026/08/13 10:00:05
2026/08/11,Orica (Kooragang Island),523206,BBLARGE,38.791,0.000,0.000,0.000,,,NSW,Sydney,520008,2026/08/12 13:00:00
2026/08/11,Osborne,555033,BBGPG,0.000,0.000,0.000,0.000,,,SA,Regional - SA,590013,2026/08/12 11:31:05
2026/08/11,Otway,530044,PROD,0.000,165.990,0.000,0.000,,,VIC,Iona Hub,530016,2026/08/12 12:59:46
2026/08/11,Owen Springs Power Station,580235,BBGPG,0.733,0.000,0.000,0.000,,,NT,Regional - NT,590017,2026/08/12 06:41:13
2026/08/11,Palm Valley,580060,PROD,0.000,5.708,0.000,0.000,,,NT,Regional - NT,590017,2026/08/12 11:33:20
2026/08/11,PCA,550052,PIPE,0.000,8.813,50.899,0.987,,,VIC,Iona Hub,530016,2026/08/12 07:20:01
2026/08/11,PCA,550052,PIPE,23.025,0.000,0.000,0.000,,,SA,Adelaide,550016,2026/08/12 07:20:01
2026/08/11,PCA,550052,PIPE,0.000,0.000,0.000,6.810,,,VIC,Regional - VIC,590012,2026/08/12 07:20:01
2026/08/11,PCA,550052,PIPE,0.731,0.000,0.000,15.020,,,SA,Regional - SA,590013,2026/08/12 07:20:01
2026/08/11,PCI,530060,PIPE,0.000,177.252,11.429,188.681,,,VIC,Iona Hub,530016,2026/08/12 07:20:01
2026/08/11,Peat,540065,PROD,0.000,11.919,0.000,0.000,,,QLD,Regional - QLD,590001,2026/08/16 11:35:09
2026/08/11,Pelican Point Power Station,555089,BBGPG,13.839,0.000,0.000,0.000,,,SA,Regional - SA,590013,2026/08/12 07:20:01
2026/08/11,Phosphate Hill,544081,BBLARGE,21.138,0.000,0.000,0.000,,,QLD,Regional - QLD,590001,2026/08/12 12:46:30
2026/08/11,Pipeline Compression Station,544279,COMPRESSOR,0.000,0.000,0.000,0.000,,,QLD,Regional - QLD,590001,2026/08/12 11:13:05
2026/08/11,PVP,580070,PIPE,1.190,0.000,1.360,0.000,,,NT,Regional - NT,590017,2026/08/12 06:41:13
2026/08/11,QCLNG LNG Plant,544272,LNGEXPORT,1491.419,0.000,0.000,0.000,,,QLD,Curtis Island,540030,2026/08/12 10:36:19
2026/08/11,QGP,540058,PIPE,0.000,0.000,5.815,0.000,,,QLD,Wallumbilla Hub,540032,2026/08/13 10:00:05
2026/08/11,QGP,540058,PIPE,126.731,24.783,95.887,0.000,,,QLD,Regional - QLD,590001,2026/08/13 10:00:05
2026/08/11,Quarantine Power Station,555087,BBGPG,0.000,0.000,0.000,0.000,,,SA,Regional - SA,590013,2026/08/12 11:31:05
2026/08/11,Queensland Aluminia,544012,BBLARGE,26.975,0.000,0.000,0.000,,,QLD,Regional - QLD,590001,2026/08/13 10:00:05
2026/08/11,RBP,540057,PIPE,0.000,0.000,0.000,85.800,,,QLD,Wallumbilla Hub,540032,2026/08/12 12:46:30
2026/08/11,RBP,540057,PIPE,4.475,94.075,49.825,0.000,,,QLD,Regional - QLD,590001,2026/08/12 12:46:30
2026/08/11,RBP,540057,PIPE,53.560,0.000,0.000,0.000,,,QLD,Brisbane,590002,2026/08/12 12:46:30
2026/08/11,RCWP,540102,PIPE,0.000,0.000,141.914,0.000,,,QLD,Wallumbilla Hub,540032,2026/08/12 12:46:30
2026/08/11,RCWP,540102,PIPE,0.000,0.000,30.389,171.074,,,QLD,Regional - QLD,590001,2026/08/12 12:46:30
2026/08/11,Reedy Creek,540085,PROD,0.000,199.814,0.000,0.000,,,QLD,Regional - QLD,590001,2026/08/16 11:35:09
2026/08/11,RMNGPF,640011,PROD,0.000,16.150,0.000,0.000,,,QLD,Regional - QLD,590001,2026/08/12 10:52:56
2026/08/11,RNMGP,640012,PIPE,0.000,16.150,0.000,16.150,,,QLD,Regional - QLD,590001,2026/08/12 10:52:56
2026/08/11,RNP,640009,PIPE,0.000,22.770,0.000,22.770,,,QLD,Regional - QLD,590001,2026/08/12 12:01:08
2026/08/11,Rolleston,540073,PROD,0.000,8.403,0.000,0.000,,,QLD,Regional - QLD,590001,2026/08/13 10:00:05
2026/08/11,Roma,540095,PROD,0.000,236.800,0.000,0.000,,,QLD,Regional - QLD,590001,2026/08/12 11:13:21
2026/08/11,Roma North,544260,PROD,0.000,22.770,0.000,0.000,,,QLD,Regional - QLD,590001,2026/08/12 12:01:13
2026/08/11,Roma Power Station,540120,BBGPG,0.000,0.000,0.000,0.000,,,QLD,Regional - QLD,590001,2026/08/12 11:10:57
2026/08/11,Ron Goodin Power Station,580234,BBGPG,0.000,0.000,0.000,0.000,,,NT,Regional - NT,590017,2026/08/12 06:41:13
2026/08/11,RPL,540110,PIPE,0.064,0.000,0.000,0.000,,,QLD,Regional - QLD,590001,2026/08/12 11:10:57
2026/08/11,Ruby Jo,540082,PROD,0.000,428.004,0.000,0.000,,,QLD,Regional - QLD,590001,2026/08/12 10:36:19
2026/08/11,RUGS,540040,STOR,0.000,3.467,0.000,0.000,15149.639,0.000,QLD,Regional - QLD,590001,2026/08/12 11:13:21
2026/08/11,Scotia,540072,PROD,0.000,97.012,0.000,0.000,,,QLD,Regional - QLD,590001,2026/08/12 11:13:21
2026/08/11,SEPS,550061,PIPE,6.749,0.000,6.760,0.000,,,SA,Regional - SA,590013,2026/08/12 11:32:05
2026/08/11,SESA,550060,PIPE,0.000,0.000,6.810,0.000,,,VIC,Regional - VIC,590012,2026/08/12 12:46:30
2026/08/11,SESA,550060,PIPE,0.000,0.000,0.000,6.766,,,SA,Regional - SA,590013,2026/08/12 12:46:30
2026/08/11,Shoalhaven Starches Cogeneration Plant,523203,BBLARGE,22.869,0.000,0.000,0.000,,,NSW,Regional - NSW,590011,2026/08/12 13:56:54
2026/08/11,Smithfield Energy Facility,522004,BBGPG,0.000,0.000,0.000,0.000,,,NSW,Regional - NSW,590011,2026/08/12 12:05:13
2026/08/11,Snapper Point,555090,BBGPG,0.000,0.000,0.000,0.000,,,SA,Regional - SA,590013,2026/08/12 11:31:05
2026/08/11,Somerton,533174,BBGPG,0.001,0.000,0.000,0.000,,,VIC,Melbourne,590008,2026/08/13 11:00:03
2026/08/11,Spring Gully,540066,PROD,0.000,52.192,0.000,0.000,,,QLD,Regional - QLD,590001,2026/08/16 11:35:09
2026/08/11,SSP,540103,PIPE,0.000,5.900,0.000,5.900,,,QLD,Regional - QLD,590001,2026/08/12 10:39:58
2026/08/11,SSSF,540062,STOR,0.000,6.300,0.000,0.000,8600.612,0.000,QLD,Regional - QLD,590001,2026/08/12 10:39:58
2026/08/11,Strathblane,540067,PROD,0.000,51.695,0.000,0.000,,,QLD,Regional - QLD,590001,2026/08/16 11:35:09
2026/08/11,Swanbank Power Station,544104,BBGPG,0.000,0.000,0.000,0.000,,,QLD,Brisbane,590002,2026/08/12 12:46:30
2026/08/11,SWQP,540060,PIPE,0.000,0.000,467.549,318.133,,,QLD,Wallumbilla Hub,540032,2026/08/12 12:46:30
2026/08/11,SWQP,540060,PIPE,0.000,0.000,0.000,70.409,,,QLD,Ballera,540078,2026/08/12 12:46:30
2026/08/11,SWQP,540060,PIPE,0.000,142.475,0.000,208.691,,,SA,Moomba Hub,550017,2026/08/12 12:46:30
2026/08/11,SWQP,540060,PIPE,0.117,0.000,0.000,0.000,,,QLD,Regional - QLD,590001,2026/08/12 12:46:30
2026/08/11,Talinga,540076,PROD,0.000,85.272,0.000,0.000,,,QLD,Regional - QLD,590001,2026/08/16 11:35:09
2026/08/11,Tallawarra,522002,BBGPG,0.000,0.000,0.000,0.000,,,NSW,Regional - NSW,590011,2026/08/12 11:00:04
2026/08/11,Tallawarra Pipeline,523201,PIPE,0.000,0.000,0.000,0.000,,,NSW,Regional - NSW,590011,2026/08/12 11:00:04
2026/08/11,Taloona,540068,PROD,0.000,40.565,0.000,0.000,,,QLD,Regional - QLD,590001,2026/08/16 11:35:09
2026/08/11,Tanami GP,580210,PIPE,7.617,0.000,8.400,0.000,,,NT,Regional - NT,590017,2026/08/12 12:02:00
2026/08/11,TGP,570050,PIPE,0.000,0.000,70.776,32.821,,,VIC,Longford Hub,530015,2026/08/13 12:01:00
2026/08/11,TGP,570050,PIPE,45.749,0.000,0.000,0.000,,,TAS,Regional - TAS,590014,2026/08/13 12:01:00
2026/08/11,Tipton,540051,PROD,0.000,40.288,0.000,0.000,,,QLD,Regional - QLD,590001,2026/08/12 12:30:02
2026/08/11,Torrens Island PS,555041,BBGPG,5.239,0.000,0.000,0.000,,,SA,Regional - SA,590013,2026/08/12 11:31:05
2026/08/11,Uranquinty Power Station,522047,BBGPG,0.000,0.000,0.000,0.000,,,NSW,Regional - NSW,590011,2026/08/12 12:46:30
2026/08/11,Valley Power GPG,535024,BBGPG,0.000,0.000,0.000,0.000,,,VIC,Gippsland,590009,2026/08/12 11:00:51
2026/08/11,VicHub,532005,PIPE,0.000,0.000,31.071,31.071,,,VIC,Longford Hub,530015,2026/08/12 12:01:15
2026/08/11,Viva Energy Refinery,535018,BBLARGE,11.494,0.000,0.000,0.000,,,VIC,Geelong,590005,2026/08/12 07:30:14
2026/08/11,VTS,530110,PIPE,0.000,406.631,63.909,0.000,,,VIC,Longford Hub,530015,2026/08/13 11:00:03
2026/08/11,VTS,530110,PIPE,0.000,96.607,136.361,0.000,,,VIC,Iona Hub,530016,2026/08/13 11:00:03
2026/08/11,VTS,530110,PIPE,11.723,0.000,0.000,0.000,,,VIC,Western,590004,2026/08/13 11:00:03
2026/08/11,VTS,530110,PIPE,70.205,0.000,0.000,0.000,,,VIC,Geelong,590005,2026/08/13 11:00:03
2026/08/11,VTS,530110,PIPE,49.518,0.000,0.000,0.000,,,VIC,Ballarat,590006,2026/08/13 11:00:03
2026/08/11,VTS,530110,PIPE,70.521,0.000,0.000,0.000,,,VIC,Northern,590007,2026/08/13 11:00:03
2026/08/11,VTS,530110,PIPE,437.366,0.205,0.000,0.000,,,VIC,Melbourne,590008,2026/08/13 11:00:03
2026/08/11,VTS,530110,PIPE,41.765,0.000,18.558,0.000,,,VIC,Gippsland,590009,2026/08/13 11:00:03
2026/08/11,VTS,530110,PIPE,0.000,0.000,0.000,46.188,,,NSW,Culcairn,590016,2026/08/13 11:00:03
2026/08/11,Wallumbilla Compression Station,544280,COMPRESSOR,0.000,0.000,0.000,0.000,,,QLD,Wallumbilla Hub,540032,2026/08/12 11:13:05
2026/08/11,WCFA,540045,COMPRESSOR,0.000,0.000,319.116,319.116,,,QLD,Wallumbilla Hub,540032,2026/08/12 12:46:30
2026/08/11,WCFB,540046,COMPRESSOR,0.000,0.000,137.632,137.632,,,QLD,Wallumbilla Hub,540032,2026/08/12 12:46:30
2026/08/11,Weddell Power Station,580232,BBGPG,15.279,0.000,0.000,0.000,,,NT,Darwin,580001,2026/08/12 12:46:30
2026/08/11,WGP,540091,PIPE,1491.419,0.000,0.000,0.000,,,QLD,Curtis Island,540030,2026/08/12 10:36:19
2026/08/11,WGP,540091,PIPE,0.000,1454.980,0.000,0.000,,,QLD,Regional - QLD,590001,2026/08/12 10:36:19
2026/08/11,Whyalla Steelworks,555085,BBLARGE,3.647,0.000,0.000,0.000,,,SA,Regional - SA,590013,2026/08/12 11:31:05
2026/08/11,Windibri,540069,PROD,0.000,83.346,0.000,0.000,,,QLD,Regional - QLD,590001,2026/08/12 10:36:19
2026/08/11,Woleebee Creek,540087,PROD,0.000,643.744,0.000,0.000,,,QLD,Regional - QLD,590001,2026/08/12 10:36:19
2026/08/11,WPP,580030,PIPE,15.279,24.279,0.000,8.998,,,NT,Darwin,580001,2026/08/12 12:46:30
2026/08/11,Yarwun,544282,BBGPG,72.859,0.000,0.000,0.000,,,QLD,Regional - QLD,590001,2026/08/13 10:00:05
2026/08/11,Yelcherr,580180,PROD,0.000,0.000,0.000,0.000,,,NT,Regional - NT,590017,2026/08/12 12:46:30
2026/08/11,Yellowbank,540074,PROD,0.000,12.130,0.000,0.000,,,QLD,Regional - QLD,590001,2026/08/13 10:00:05
2026/08/12,Adelaide Brighton,555091,BBLARGE,8.404,0.000,0.000,0.000,,,SA,Adelaide,550016,2026/09/01 13:00:01
2026/08/12,AGP,580010,PIPE,24.347,0.000,8.982,0.000,,,NT,Darwin,580001,2026/08/13 12:46:29
2026/08/12,AGP,580010,PIPE,5.447,32.089,0.000,17.541,,,NT,Regional - NT,590017,2026/08/13 12:46:29
2026/08/12,APLNG Pipeline,540093,PIPE,1553.641,0.000,0.000,0.000,,,QLD,Curtis Island,540030,2026/08/17 11:30:07
2026/08/12,APLNG Pipeline,540093,PIPE,0.000,1319.413,478.129,178.596,,,QLD,Regional - QLD,590001,2026/08/17 11:30:07
2026/08/12,Arcadia,540101,PROD,0.000,92.940,0.000,0.000,,,QLD,Regional - QLD,590001,2026/08/13 10:43:20
2026/08/12,ATGP,640013,PIPE,0.000,43.352,0.000,43.352,,,QLD,Regional - QLD,590001,2026/08/13 12:01:13
2026/08/12,ATHENA,535014,PROD,0.000,17.302,0.000,0.000,,,VIC,Iona Hub,530016,2026/08/17 10:35:57
2026/08/12,Atlas,544261,PROD,0.000,43.352,0.000,0.000,,,QLD,Regional - QLD,590001,2026/08/13 12:01:19
2026/08/12,Atlas East Central Processing Facility,640008,PROD,0.000,31.450,0.000,0.000,,,QLD,Regional - QLD,590001,2026/08/13 10:14:38
2026/08/12,Atlas to Reedy Creek Pipeline,640007,PIPE,0.000,31.448,0.000,30.431,,,QLD,Regional - QLD,590001,2026/08/13 12:46:29
2026/08/12,Australia Pacific LNG,544273,LNGEXPORT,1553.641,0.000,0.000,0.000,,,QLD,Curtis Island,540030,2026/08/13 12:00:25
2026/08/12,Australian Paper (Opal),535021,BBLARGE,7.842,0.000,0.000,0.000,,,VIC,Gippsland,590009,2026/08/13 11:00:03
2026/08/12,B1PL,540077,PIPE,0.038,39.242,0.000,38.698,,,QLD,Regional - QLD,590001,2026/08/13 11:00:47
2026/08/12,B2PL,540071,PIPE,7.098,47.883,0.000,48.762,,,QLD,Regional - QLD,590001,2026/08/13 12:30:03
2026/08/12,Bairnsdale Power Station,535020,BBGPG,0.000,0.000,0.000,0.000,,,VIC,Regional - VIC,590012,2026/08/13 11:00:56
2026/08/12,BCF,540047,COMPRESSOR,0.000,0.000,68.800,68.800,,,QLD,Regional - QLD,590001,2026/08/17 20:53:36
2026/08/12,Bell Bay CCGT,577016,BBGPG,29.483,0.000,0.000,0.000,,,TAS,Regional - TAS,590014,2026/08/14 12:01:00
2026/08/12,Bell Bay GGT,577014,BBGPG,0.000,0.000,0.000,0.000,,,TAS,Regional - TAS,590014,2026/08/14 12:01:00
2026/08/12,Bell Bay OCGT,577015,BBGPG,0.000,0.000,0.000,0.000,,,TAS,Regional - TAS,590014,2026/08/14 12:01:00
2026/08/12,Bellevue,540083,PROD,0.000,153.572,0.000,0.000,,,QLD,Regional - QLD,590001,2026/08/13 10:36:11
2026/08/12,BGP,580020,PIPE,0.317,0.000,0.000,0.000,,,NT,Regional - NT,590017,2026/08/13 12:46:29
2026/08/12,BlueScope,523204,BBLARGE,15.271,0.000,0.000,0.000,,,NSW,Sydney,520008,2026/08/13 15:01:05
2026/08/12,Bolivar,555008,BBGPG,0.000,0.000,0.000,0.000,,,SA,Regional - SA,590013,2026/08/13 12:05:18
2026/08/12,Bomaderry Gas Pipeline,523202,PIPE,22.270,0.000,22.270,0.000,,,NSW,Regional - NSW,590011,2026/08/13 12:53:51
2026/08/12,BPP,530030,PIPE,2.770,21.990,0.000,19.223,,,VIC,Gippsland,590009,2026/08/13 11:00:03
2026/08/12,Braemar 2 Power Station,544085,BBGPG,7.098,0.000,0.000,0.000,,,QLD,Regional - QLD,590001,2026/08/13 12:30:03
2026/08/12,Braemar Power Station,544252,BBGPG,0.038,0.000,0.000,0.000,,,QLD,Regional - QLD,590001,2026/08/13 11:00:47
2026/08/12,BWP,540096,PIPE,0.000,0.000,0.000,127.244,,,QLD,Wallumbilla Hub,540032,2026/08/13 12:46:29
2026/08/12,BWP,540096,PIPE,0.000,125.550,0.000,0.000,,,QLD,Regional - QLD,590001,2026/08/13 12:46:29
2026/08/12,CGP,540059,PIPE,0.000,0.000,68.846,0.000,,,QLD,Ballera,540078,2026/08/13 12:46:29
2026/08/12,CGP,540059,PIPE,65.214,0.000,0.000,0.000,,,QLD,Regional - QLD,590001,2026/08/13 12:46:29
2026/08/12,Channel Island Power Station,580231,BBGPG,24.347,0.000,0.000,0.000,,,NT,Darwin,580001,2026/08/13 12:46:29
2026/08/12,Colongra,523120,BBGPG,0.000,0.000,0.000,0.000,,,NSW,Regional - NSW,590011,2026/08/13 12:00:05
2026/08/12,ColongraGP,520090,PIPE,-0.103,0.000,0.000,0.000,,,NSW,Sydney,520008,2026/08/13 12:00:05
2026/08/12,ColongraGP,520090,PIPE,0.000,0.000,0.000,0.000,,,NSW,Regional - NSW,590011,2026/08/13 12:00:05
2026/08/12,Combabula,540094,PROD,0.000,293.129,0.000,0.000,,,QLD,Regional - QLD,590001,2026/08/17 11:30:07
2026/08/12,Condabri Central,540080,PROD,0.000,138.922,0.000,0.000,,,QLD,Regional - QLD,590001,2026/08/17 11:30:07
2026/08/12,Condabri North,540090,PROD,0.000,141.527,0.000,0.000,,,QLD,Regional - QLD,590001,2026/08/17 11:30:07
2026/08/12,Condabri South,540086,PROD,0.000,156.125,0.000,0.000,,,QLD,Regional - QLD,590001,2026/08/17 11:30:07
2026/08/12,Condamine Power Station,544274,BBGPG,0.000,0.000,0.000,0.000,,,QLD,Regional - QLD,590001,2026/08/13 10:35:32
2026/08/12,CRWP,540098,PIPE,0.000,0.000,140.851,0.000,,,QLD,Wallumbilla Hub,540032,2026/08/13 13:18:40
2026/08/12,CRWP,540098,PIPE,0.000,236.844,38.886,425.578,,,QLD,Regional - QLD,590001,2026/08/13 13:18:40
2026/08/12,CWP,520054,PIPE,5.759,0.000,5.586,0.000,,,NSW,Regional - NSW,590011,2026/08/13 12:46:29
2026/08/12,Daandine,540050,PROD,0.000,50.797,0.000,0.000,,,QLD,Regional - QLD,590001,2026/08/13 12:30:02
2026/08/12,Dandenong LNG,530038,STOR,0.000,0.282,0.000,0.000,611.152,27.889,VIC,Melbourne,590008,2026/08/13 12:46:29
2026/08/12,DDP,540097,PIPE,0.000,0.000,0.000,213.401,,,QLD,Wallumbilla Hub,540032,2026/08/13 12:01:11
2026/08/12,DDP,540097,PIPE,10.978,345.332,144.564,267.200,,,QLD,Regional - QLD,590001,2026/08/13 12:01:11
2026/08/12,DDPS,544027,BBGPG,10.978,0.000,0.000,0.000,,,QLD,Regional - QLD,590001,2026/08/13 12:01:11
2026/08/12,Diamantina Power Station,544077,BBGPG,32.382,0.000,0.000,0.000,,,QLD,Regional - QLD,590001,2026/08/13 12:46:29
2026/08/12,Dry Creek Power Station,555026,BBGPG,0.000,0.000,0.000,0.000,,,SA,Regional - SA,590013,2026/08/13 11:31:05
2026/08/12,EGP,520047,PIPE,131.562,0.000,0.000,0.000,,,NSW,Sydney,520008,2026/08/13 15:01:05
2026/08/12,EGP,520047,PIPE,16.931,0.000,0.000,0.000,,,NSW,Canberra,520009,2026/08/13 15:01:05
2026/08/12,EGP,520047,PIPE,0.000,193.363,0.000,100.352,,,VIC,Longford Hub,530015,2026/08/13 15:01:05
2026/08/12,EGP,520047,PIPE,5.933,0.000,0.000,22.270,,,NSW,Regional - NSW,590011,2026/08/13 15:01:05
2026/08/12,EGP,520047,PIPE,1.144,73.514,0.000,0.000,,,VIC,Regional - VIC,590012,2026/08/13 15:01:05
2026/08/12,EO4PL,540055,PIPE,0.000,0.000,0.000,0.000,,,QLD,Regional - QLD,590001,2026/08/13 10:36:11
2026/08/12,Eurombah Creek,540089,PROD,0.000,144.633,0.000,0.000,,,QLD,Regional - QLD,590001,2026/08/17 11:30:07
2026/08/12,Fairview,540070,PROD,0.000,280.281,0.000,0.000,,,QLD,Regional - QLD,590001,2026/08/13 10:43:20
2026/08/12,GLNG (Curtis Island),544276,LNGEXPORT,819.656,0.000,0.000,0.000,,,QLD,Curtis Island,540030,2026/08/13 13:18:40
2026/08/12,GLNG Pipeline,540092,PIPE,819.656,0.000,0.000,0.000,,,QLD,Curtis Island,540030,2026/08/13 13:18:40
2026/08/12,GLNG Pipeline,540092,PIPE,0.000,416.926,425.578,44.366,,,QLD,Regional - QLD,590001,2026/08/13 10:36:11
2026/08/12,Hallett,555029,BBGPG,0.000,0.000,0.000,0.000,,,SA,Regional - SA,590013,2026/08/13 11:31:05
2026/08/12,Hunter Power Station,523210,BBGPG,0.000,0.000,0.000,0.000,,,NSW,Sydney,520008,2026/08/13 12:46:29
2026/08/12,ICF,530071,COMPRESSOR,0.000,0.000,11.000,11.000,,,VIC,Iona Hub,530016,2026/08/13 08:35:03
2026/08/12,Iona UGS,530042,STOR,18.744,88.125,0.000,0.000,14125.939,0.000,VIC,Iona Hub,530016,2026/08/13 08:30:02
2026/08/12,Jeerelang,533161,BBGPG,0.000,0.000,0.000,0.000,,,VIC,Gippsland,590009,2026/08/13 11:00:03
2026/08/12,Jordan,540088,PROD,0.000,333.878,0.000,0.000,,,QLD,Regional - QLD,590001,2026/08/13 10:36:11
2026/08/12,Katherine Power Station,580233,BBGPG,0.000,0.000,0.000,0.000,,,NT,Regional - NT,590017,2026/08/13 12:46:29
2026/08/12,Kenya,540075,PROD,0.000,124.672,0.000,0.000,,,QLD,Regional - QLD,590001,2026/08/13 10:36:11
2026/08/12,Kincora,544253,PROD,0.000,4.000,0.000,0.000,,,QLD,Regional - QLD,590001,2026/08/13 12:46:29
2026/08/12,KKLP,523209,PIPE,0.000,0.000,0.000,0.000,,,NSW,Sydney,520008,2026/08/13 12:46:29
2026/08/12,Kogan North,540061,PROD,0.000,4.362,0.000,0.000,,,QLD,Regional - QLD,590001,2026/08/13 12:46:29
2026/08/12,Ladbroke Grove PS,555086,BBGPG,1.972,0.000,0.000,0.000,,,SA,Regional - SA,590013,2026/08/13 12:46:29
2026/08/12,Lang Lang,530039,PROD,0.000,21.990,0.000,0.000,,,VIC,Gippsland,590009,2026/08/13 11:22:57
2026/08/12,Laverton,533201,BBGPG,0.000,0.000,0.000,0.000,,,VIC,Geelong,590005,2026/08/13 11:00:03
2026/08/12,Longford,530040,PROD,0.000,616.246,0.000,0.000,,,VIC,Longford Hub,530015,2026/08/13 08:49:28
2026/08/12,Loy Yang B,533163,BBGPG,0.000,0.000,0.000,0.000,,,VIC,Gippsland,590009,2026/08/13 11:00:48
2026/08/12,LYB Transmission Pipeline,535023,PIPE,0.000,0.000,0.000,0.000,,,VIC,Gippsland,590009,2026/08/13 11:00:48
2026/08/12,MAPS,550054,PIPE,36.319,0.000,0.000,0.000,,,SA,Adelaide,550016,2026/08/13 11:31:05
2026/08/12,MAPS,550054,PIPE,0.000,33.544,48.909,0.000,,,SA,Moomba Hub,550017,2026/08/13 11:31:05
2026/08/12,MAPS,550054,PIPE,59.291,0.000,15.000,0.000,,,SA,Regional - SA,590013,2026/08/13 11:31:05
2026/08/12,McArthur River Mine,580220,BBGPG,8.552,0.000,0.000,0.000,,,NT,Regional - NT,590017,2026/08/13 09:06:39
2026/08/12,MCF,550050,COMPRESSOR,0.000,0.000,0.000,0.000,,,SA,Moomba Hub,550017,2026/08/13 12:46:29
2026/08/12,Mereenie,580040,PROD,0.000,26.373,0.000,0.000,,,NT,Regional - NT,590017,2026/08/13 11:24:43
2026/08/12,Meridian,540064,PROD,0.000,47.955,0.000,0.000,,,QLD,Regional - QLD,590001,2026/08/13 09:39:06
2026/08/12,Mintaro Power Station,555031,BBGPG,0.000,0.000,0.000,0.000,,,SA,Regional - SA,590013,2026/08/13 11:31:05
2026/08/12,Moomba,550045,PROD,0.000,171.900,0.000,0.000,,,SA,Moomba Hub,550017,2026/08/17 20:53:36
2026/08/12,Moomba Storage,550046,STOR,0.000,0.000,0.000,0.000,6305.600,0.000,SA,Moomba Hub,550017,2026/08/17 20:53:36
2026/08/12,Mortlake PS,530063,BBGPG,0.000,0.000,0.000,0.000,,,VIC,Regional - VIC,590012,2026/08/13 07:20:00
2026/08/12,MPL,530061,PIPE,0.000,0.000,0.000,0.023,,,VIC,Iona Hub,530016,2026/08/13 07:20:00
2026/08/12,MPL,530061,PIPE,0.000,0.000,0.000,0.000,,,VIC,Regional - VIC,590012,2026/08/13 07:20:00
2026/08/12,MRP,580100,PIPE,8.552,0.000,8.553,0.000,,,NT,Regional - NT,590017,2026/08/13 09:06:39
2026/08/12,MSP,520053,PIPE,141.706,0.000,0.000,0.000,,,NSW,Sydney,520008,2026/08/13 12:46:29
2026/08/12,MSP,520053,PIPE,0.000,0.000,142.001,2.000,,,SA,Moomba Hub,550017,2026/08/13 12:46:29
2026/08/12,MSP,520053,PIPE,42.615,0.000,0.000,5.586,,,NSW,Regional - NSW,590011,2026/08/13 12:46:29
2026/08/12,MSP,520053,PIPE,14.257,0.000,0.000,0.000,,,NSW,Regional - ACT,590015,2026/08/13 12:46:29
2026/08/12,MSP,520053,PIPE,0.000,0.000,38.003,0.000,,,NSW,Culcairn,590016,2026/08/13 12:46:29
2026/08/12,Newport,533171,BBGPG,0.004,0.000,0.000,0.000,,,VIC,Melbourne,590008,2026/08/13 11:00:03
2026/08/12,NGP,580050,PIPE,0.000,0.000,0.000,0.000,,,QLD,Regional - QLD,590001,2026/08/13 12:01:16
2026/08/12,NGP,580050,PIPE,0.000,0.000,0.000,0.000,,,NT,Regional - NT,590017,2026/08/13 12:01:16
2026/08/12,NGS,520060,STOR,0.180,0.468,0.000,0.000,676.286,76.810,NSW,Sydney,520008,2026/08/13 09:18:58
2026/08/12,Oakey PS,544095,BBGPG,0.000,0.000,0.000,0.000,,,QLD,Regional - QLD,590001,2026/08/13 12:46:29
2026/08/12,Orana,540084,PROD,0.000,165.841,0.000,0.000,,,QLD,Regional - QLD,590001,2026/08/17 11:30:07
2026/08/12,Orbost,530041,PROD,0.000,73.514,0.000,0.000,,,VIC,Regional - VIC,590012,2026/08/13 15:01:05
2026/08/12,Orica,544011,BBLARGE,9.168,0.000,0.000,0.000,,,QLD,Regional - QLD,590001,2026/08/13 12:01:07
2026/08/12,Orica (Kooragang Island),523206,BBLARGE,38.768,0.000,0.000,0.000,,,NSW,Sydney,520008,2026/08/13 13:00:00
2026/08/12,Osborne,555033,BBGPG,0.000,0.000,0.000,0.000,,,SA,Regional - SA,590013,2026/08/13 11:31:05
2026/08/12,Otway,530044,PROD,0.000,168.153,0.000,0.000,,,VIC,Iona Hub,530016,2026/08/13 12:35:04
2026/08/12,Owen Springs Power Station,580235,BBGPG,0.983,0.000,0.000,0.000,,,NT,Regional - NT,590017,2026/08/13 06:41:19
2026/08/12,Palm Valley,580060,PROD,0.000,5.716,0.000,0.000,,,NT,Regional - NT,590017,2026/08/13 11:24:43
2026/08/12,PCA,550052,PIPE,0.001,16.920,34.580,1.077,,,VIC,Iona Hub,530016,2026/08/13 07:20:01
2026/08/12,PCA,550052,PIPE,27.976,0.000,0.000,0.000,,,SA,Adelaide,550016,2026/08/13 07:20:01
2026/08/12,PCA,550052,PIPE,0.000,0.000,0.000,9.478,,,VIC,Regional - VIC,590012,2026/08/13 07:20:01
2026/08/12,PCA,550052,PIPE,0.714,0.000,0.000,14.999,,,SA,Regional - SA,590013,2026/08/13 07:20:01
2026/08/12,PCI,530060,PIPE,0.000,179.541,1.100,180.646,,,VIC,Iona Hub,530016,2026/08/13 07:20:01
2026/08/12,Peat,540065,PROD,0.000,11.931,0.000,0.000,,,QLD,Regional - QLD,590001,2026/08/17 11:30:07
2026/08/12,Pelican Point Power Station,555089,BBGPG,19.463,0.000,0.000,0.000,,,SA,Regional - SA,590013,2026/08/13 07:20:01
2026/08/12,Phosphate Hill,544081,BBLARGE,22.176,0.000,0.000,0.000,,,QLD,Regional - QLD,590001,2026/08/13 12:46:29
2026/08/12,Pipeline Compression Station,544279,COMPRESSOR,0.000,0.000,0.000,0.000,,,QLD,Regional - QLD,590001,2026/08/13 13:18:40
2026/08/12,PVP,580070,PIPE,1.491,0.000,1.488,0.000,,,NT,Regional - NT,590017,2026/08/13 06:41:19
2026/08/12,QCLNG LNG Plant,544272,LNGEXPORT,1511.347,0.000,0.000,0.000,,,QLD,Curtis Island,540030,2026/08/13 10:36:11
2026/08/12,QGP,540058,PIPE,0.000,0.000,24.713,0.000,,,QLD,Wallumbilla Hub,540032,2026/08/13 12:01:07
2026/08/12,QGP,540058,PIPE,127.061,24.335,76.883,0.000,,,QLD,Regional - QLD,590001,2026/08/13 12:01:07
2026/08/12,Quarantine Power Station,555087,BBGPG,0.000,0.000,0.000,0.000,,,SA,Regional - SA,590013,2026/08/13 11:31:05
2026/08/12,Queensland Aluminia,544012,BBLARGE,28.589,0.000,0.000,0.000,,,QLD,Regional - QLD,590001,2026/08/13 12:01:07
2026/08/12,RBP,540057,PIPE,0.000,0.000,0.000,82.001,,,QLD,Wallumbilla Hub,540032,2026/08/13 12:46:29
2026/08/12,RBP,540057,PIPE,4.364,87.696,48.412,0.000,,,QLD,Regional - QLD,590001,2026/08/13 12:46:29
2026/08/12,RBP,540057,PIPE,49.686,0.000,0.000,0.000,,,QLD,Brisbane,590002,2026/08/13 12:46:29
2026/08/12,RCWP,540102,PIPE,0.000,0.000,136.140,0.000,,,QLD,Wallumbilla Hub,540032,2026/08/13 12:46:29
2026/08/12,RCWP,540102,PIPE,0.000,0.000,30.431,166.564,,,QLD,Regional - QLD,590001,2026/08/13 12:46:29
2026/08/12,Reedy Creek,540085,PROD,0.000,199.969,0.000,0.000,,,QLD,Regional - QLD,590001,2026/08/17 11:30:07
2026/08/12,RMNGPF,640011,PROD,0.000,16.100,0.000,0.000,,,QLD,Regional - QLD,590001,2026/08/13 10:14:51
2026/08/12,RNMGP,640012,PIPE,0.000,16.100,0.000,16.100,,,QLD,Regional - QLD,590001,2026/08/13 10:14:51
2026/08/12,RNP,640009,PIPE,0.000,22.786,0.000,22.786,,,QLD,Regional - QLD,590001,2026/08/13 12:01:09
2026/08/12,Rolleston,540073,PROD,0.000,8.426,0.000,0.000,,,QLD,Regional - QLD,590001,2026/08/13 12:01:07
2026/08/12,Roma,540095,PROD,0.000,236.844,0.000,0.000,,,QLD,Regional - QLD,590001,2026/08/13 10:43:25
2026/08/12,Roma North,544260,PROD,0.000,22.786,0.000,0.000,,,QLD,Regional - QLD,590001,2026/08/13 12:01:17
2026/08/12,Roma Power Station,540120,BBGPG,0.000,0.000,0.000,0.000,,,QLD,Regional - QLD,590001,2026/08/13 12:09:57
2026/08/12,Ron Goodin Power Station,580234,BBGPG,0.000,0.000,0.000,0.000,,,NT,Regional - NT,590017,2026/08/13 06:41:19
2026/08/12,RPL,540110,PIPE,0.074,0.000,0.000,0.000,,,QLD,Regional - QLD,590001,2026/08/13 12:09:57
2026/08/12,Ruby Jo,540082,PROD,0.000,431.430,0.000,0.000,,,QLD,Regional - QLD,590001,2026/08/13 10:36:11
2026/08/12,RUGS,540040,STOR,0.000,3.136,0.000,0.000,15146.575,0.000,QLD,Regional - QLD,590001,2026/08/13 10:43:25
2026/08/12,Scotia,540072,PROD,0.000,97.123,0.000,0.000,,,QLD,Regional - QLD,590001,2026/08/13 10:43:25
2026/08/12,SEPS,550061,PIPE,7.519,0.000,7.511,0.000,,,SA,Regional - SA,590013,2026/08/13 11:32:05
2026/08/12,SESA,550060,PIPE,0.000,0.000,9.480,0.000,,,VIC,Regional - VIC,590012,2026/08/13 12:46:29
2026/08/12,SESA,550060,PIPE,1.972,0.000,0.000,7.504,,,SA,Regional - SA,590013,2026/08/13 12:46:29
2026/08/12,Shoalhaven Starches Cogeneration Plant,523203,BBLARGE,22.270,0.000,0.000,0.000,,,NSW,Regional - NSW,590011,2026/08/13 12:53:51
2026/08/12,Smithfield Energy Facility,522004,BBGPG,0.000,0.000,0.000,0.000,,,NSW,Regional - NSW,590011,2026/08/13 12:05:33
2026/08/12,Snapper Point,555090,BBGPG,0.000,0.000,0.000,0.000,,,SA,Regional - SA,590013,2026/08/13 11:31:05
2026/08/12,Somerton,533174,BBGPG,0.001,0.000,0.000,0.000,,,VIC,Melbourne,590008,2026/08/13 11:00:03
2026/08/12,Spring Gully,540066,PROD,0.000,51.915,0.000,0.000,,,QLD,Regional - QLD,590001,2026/08/17 11:30:07
2026/08/12,SSP,540103,PIPE,0.000,4.240,0.000,4.240,,,QLD,Regional - QLD,590001,2026/08/13 10:24:42
2026/08/12,SSSF,540062,STOR,0.000,6.300,0.000,0.000,8596.372,0.000,QLD,Regional - QLD,590001,2026/08/13 10:24:42
2026/08/12,Strathblane,540067,PROD,0.000,51.464,0.000,0.000,,,QLD,Regional - QLD,590001,2026/08/17 11:30:07
2026/08/12,Swanbank Power Station,544104,BBGPG,0.000,0.000,0.000,0.000,,,QLD,Brisbane,590002,2026/08/13 12:46:29
2026/08/12,SWQP,540060,PIPE,0.000,0.000,422.646,301.703,,,QLD,Wallumbilla Hub,540032,2026/08/13 12:46:29
2026/08/12,SWQP,540060,PIPE,0.000,0.000,0.000,73.533,,,QLD,Ballera,540078,2026/08/13 12:46:29
2026/08/12,SWQP,540060,PIPE,0.000,142.361,0.000,188.910,,,SA,Moomba Hub,550017,2026/08/13 12:46:29
2026/08/12,SWQP,540060,PIPE,0.118,0.000,0.000,0.000,,,QLD,Regional - QLD,590001,2026/08/13 12:46:29
2026/08/12,Talinga,540076,PROD,0.000,83.433,0.000,0.000,,,QLD,Regional - QLD,590001,2026/08/17 11:30:07
2026/08/12,Tallawarra,522002,BBGPG,0.000,0.000,0.000,0.000,,,NSW,Regional - NSW,590011,2026/08/13 11:00:10
2026/08/12,Tallawarra Pipeline,523201,PIPE,0.000,0.000,0.000,0.000,,,NSW,Regional - NSW,590011,2026/08/13 11:00:10
2026/08/12,Taloona,540068,PROD,0.000,40.718,0.000,0.000,,,QLD,Regional - QLD,590001,2026/08/17 11:30:07
2026/08/12,Tanami GP,580210,PIPE,8.239,0.000,7.500,0.000,,,NT,Regional - NT,590017,2026/08/13 12:02:00
2026/08/12,TGP,570050,PIPE,0.000,0.000,72.327,23.689,,,VIC,Longford Hub,530015,2026/08/14 12:01:00
2026/08/12,TGP,570050,PIPE,48.140,0.000,0.000,0.000,,,TAS,Regional - TAS,590014,2026/08/14 12:01:00
2026/08/12,Tipton,540051,PROD,0.000,39.242,0.000,0.000,,,QLD,Regional - QLD,590001,2026/08/13 12:30:03
2026/08/12,Torrens Island PS,555041,BBGPG,16.948,0.000,0.000,0.000,,,SA,Regional - SA,590013,2026/08/13 11:31:05
2026/08/12,Uranquinty Power Station,522047,BBGPG,0.000,0.000,0.000,0.000,,,NSW,Regional - NSW,590011,2026/08/13 12:46:29
2026/08/12,Valley Power GPG,535024,BBGPG,0.000,0.000,0.000,0.000,,,VIC,Gippsland,590009,2026/08/13 11:00:48
2026/08/12,VicHub,532005,PIPE,0.000,0.000,28.042,28.042,,,VIC,Longford Hub,530015,2026/08/13 12:01:20
2026/08/12,Viva Energy Refinery,535018,BBLARGE,11.520,0.000,0.000,0.000,,,VIC,Geelong,590005,2026/08/13 07:30:16
2026/08/12,VTS,530110,PIPE,0.000,421.318,51.744,0.000,,,VIC,Longford Hub,530015,2026/08/13 11:00:03
2026/08/12,VTS,530110,PIPE,0.000,58.712,146.059,0.000,,,VIC,Iona Hub,530016,2026/08/13 11:00:03
2026/08/12,VTS,530110,PIPE,12.450,0.000,0.000,0.000,,,VIC,Western,590004,2026/08/13 11:00:03
2026/08/12,VTS,530110,PIPE,66.824,0.000,0.000,0.000,,,VIC,Geelong,590005,2026/08/13 11:00:03
2026/08/12,VTS,530110,PIPE,45.848,0.000,0.000,0.000,,,VIC,Ballarat,590006,2026/08/13 11:00:03
2026/08/12,VTS,530110,PIPE,69.004,0.000,0.000,0.000,,,VIC,Northern,590007,2026/08/13 11:00:03
2026/08/12,VTS,530110,PIPE,413.948,0.204,0.000,0.000,,,VIC,Melbourne,590008,2026/08/13 11:00:03
2026/08/12,VTS,530110,PIPE,42.869,0.000,19.223,0.000,,,VIC,Gippsland,590009,2026/08/13 11:00:03
2026/08/12,VTS,530110,PIPE,0.000,0.000,0.000,38.002,,,NSW,Culcairn,590016,2026/08/13 11:00:03
2026/08/12,Wallumbilla Compression Station,544280,COMPRESSOR,0.000,0.000,0.000,0.000,,,QLD,Wallumbilla Hub,540032,2026/08/13 13:18:40
2026/08/12,WCFA,540045,COMPRESSOR,0.000,0.000,281.095,281.095,,,QLD,Wallumbilla Hub,540032,2026/08/13 12:46:29
2026/08/12,WCFB,540046,COMPRESSOR,0.000,0.000,130.750,130.750,,,QLD,Wallumbilla Hub,540032,2026/08/13 12:46:29
2026/08/12,Weddell Power Station,580232,BBGPG,16.026,0.000,0.000,0.000,,,NT,Darwin,580001,2026/08/13 12:46:29
2026/08/12,WGP,540091,PIPE,1511.347,0.000,0.000,0.000,,,QLD,Curtis Island,540030,2026/08/13 10:36:11
2026/08/12,WGP,540091,PIPE,0.000,1468.996,36.297,0.000,,,QLD,Regional - QLD,590001,2026/08/13 10:36:11
2026/08/12,Whyalla Steelworks,555085,BBLARGE,3.576,0.000,0.000,0.000,,,SA,Regional - SA,590013,2026/08/13 11:31:05
2026/08/12,Windibri,540069,PROD,0.000,78.629,0.000,0.000,,,QLD,Regional - QLD,590001,2026/08/13 10:36:11
2026/08/12,Woleebee Creek,540087,PROD,0.000,642.392,0.000,0.000,,,QLD,Regional - QLD,590001,2026/08/13 10:36:11
2026/08/12,WPP,580030,PIPE,16.026,25.011,0.000,8.982,,,NT,Darwin,580001,2026/08/13 12:46:29
2026/08/12,Yarwun,544282,BBGPG,71.567,0.000,0.000,0.000,,,QLD,Regional - QLD,590001,2026/08/13 12:01:07
2026/08/12,Yelcherr,580180,PROD,0.000,0.000,0.000,0.000,,,NT,Regional - NT,590017,2026/08/13 12:46:29
2026/08/12,Yellowbank,540074,PROD,0.000,11.659,0.000,0.000,,,QLD,Regional - QLD,590001,2026/08/13 12:01:07
2026/08/13,Adelaide Brighton,555091,BBLARGE,8.410,0.000,0.000,0.000,,,SA,Adelaide,550016,2026/09/01 13:00:01
2026/08/13,AGP,580010,PIPE,17.355,0.000,5.761,0.000,,,NT,Darwin,580001,2026/08/14 12:46:30
2026/08/13,AGP,580010,PIPE,4.039,32.049,0.000,18.419,,,NT,Regional - NT,590017,2026/08/14 12:46:30
2026/08/13,APLNG Pipeline,540093,PIPE,1552.975,0.000,0.000,0.000,,,QLD,Curtis Island,540030,2026/08/18 11:30:08
2026/08/13,APLNG Pipeline,540093,PIPE,0.000,1323.563,495.975,179.744,,,QLD,Regional - QLD,590001,2026/08/18 11:30:08
2026/08/13,Arcadia,540101,PROD,0.000,92.880,0.000,0.000,,,QLD,Regional - QLD,590001,2026/08/14 11:13:19
2026/08/13,ATGP,640013,PIPE,0.000,43.306,0.000,43.306,,,QLD,Regional - QLD,590001,2026/08/14 12:01:12
2026/08/13,ATHENA,535014,PROD,0.000,17.352,0.000,0.000,,,VIC,Iona Hub,530016,2026/08/18 10:56:49
2026/08/13,Atlas,544261,PROD,0.000,43.306,0.000,0.000,,,QLD,Regional - QLD,590001,2026/08/14 12:01:16
2026/08/13,Atlas East Central Processing Facility,640008,PROD,0.000,31.500,0.000,0.000,,,QLD,Regional - QLD,590001,2026/08/14 08:05:18
2026/08/13,Atlas to Reedy Creek Pipeline,640007,PIPE,0.000,31.505,0.000,31.230,,,QLD,Regional - QLD,590001,2026/08/14 12:46:30
2026/08/13,Australia Pacific LNG,544273,LNGEXPORT,1552.976,0.000,0.000,0.000,,,QLD,Curtis Island,540030,2026/08/14 12:00:25
2026/08/13,Australian Paper (Opal),535021,BBLARGE,9.505,0.000,0.000,0.000,,,VIC,Gippsland,590009,2026/08/14 11:00:02
2026/08/13,B1PL,540077,PIPE,0.042,39.404,0.000,42.911,,,QLD,Regional - QLD,590001,2026/08/14 11:00:53
2026/08/13,B2PL,540071,PIPE,0.000,55.575,1.636,50.712,,,QLD,Regional - QLD,590001,2026/08/14 12:30:05
2026/08/13,Bairnsdale Power Station,535020,BBGPG,0.000,0.000,0.000,0.000,,,VIC,Regional - VIC,590012,2026/08/14 11:00:49
2026/08/13,BCF,540047,COMPRESSOR,0.000,0.000,70.100,70.100,,,QLD,Regional - QLD,590001,2026/08/18 10:00:01
2026/08/13,Bell Bay CCGT,577016,BBGPG,28.037,0.000,0.000,0.000,,,TAS,Regional - TAS,590014,2026/08/15 12:01:00
2026/08/13,Bell Bay GGT,577014,BBGPG,0.000,0.000,0.000,0.000,,,TAS,Regional - TAS,590014,2026/08/15 12:01:00
2026/08/13,Bell Bay OCGT,577015,BBGPG,0.001,0.000,0.000,0.000,,,TAS,Regional - TAS,590014,2026/08/15 12:01:00
2026/08/13,Bellevue,540083,PROD,0.000,155.860,0.000,0.000,,,QLD,Regional - QLD,590001,2026/08/14 10:35:31
2026/08/13,BGP,580020,PIPE,0.312,0.000,0.000,0.000,,,NT,Regional - NT,590017,2026/08/14 12:46:30
2026/08/13,BlueScope,523204,BBLARGE,9.690,0.000,0.000,0.000,,,NSW,Sydney,520008,2026/08/14 12:01:05
2026/08/13,Bolivar,555008,BBGPG,0.000,0.000,0.000,0.000,,,SA,Regional - SA,590013,2026/08/14 12:07:01
2026/08/13,Bomaderry Gas Pipeline,523202,PIPE,22.284,0.000,22.022,0.000,,,NSW,Regional - NSW,590011,2026/08/15 12:24:22
2026/08/13,BPP,530030,PIPE,2.380,20.130,0.000,17.750,,,VIC,Gippsland,590009,2026/08/14 11:00:02
2026/08/13,Braemar 2 Power Station,544085,BBGPG,0.000,0.000,0.000,0.000,,,QLD,Regional - QLD,590001,2026/08/14 12:30:05
2026/08/13,Braemar Power Station,544252,BBGPG,0.042,0.000,0.000,0.000,,,QLD,Regional - QLD,590001,2026/08/14 11:00:53
2026/08/13,BWP,540096,PIPE,0.000,0.000,0.000,125.627,,,QLD,Wallumbilla Hub,540032,2026/08/14 12:46:30
2026/08/13,BWP,540096,PIPE,0.000,124.843,0.000,0.000,,,QLD,Regional - QLD,590001,2026/08/14 12:46:30
2026/08/13,CGP,540059,PIPE,0.000,0.000,70.135,0.000,,,QLD,Ballera,540078,2026/08/14 12:46:30
2026/08/13,CGP,540059,PIPE,65.849,0.000,0.000,0.000,,,QLD,Regional - QLD,590001,2026/08/14 12:46:30
2026/08/13,Channel Island Power Station,580231,BBGPG,17.355,0.000,0.000,0.000,,,NT,Darwin,580001,2026/08/14 12:46:30
2026/08/13,Colongra,523120,BBGPG,0.000,0.000,0.000,0.000,,,NSW,Regional - NSW,590011,2026/08/14 12:00:05
2026/08/13,ColongraGP,520090,PIPE,0.000,0.000,0.000,0.000,,,NSW,Sydney,520008,2026/08/14 12:00:05
2026/08/13,ColongraGP,520090,PIPE,0.000,0.000,0.000,0.000,,,NSW,Regional - NSW,590011,2026/08/14 12:00:05
2026/08/13,Combabula,540094,PROD,0.000,292.638,0.000,0.000,,,QLD,Regional - QLD,590001,2026/08/18 11:30:08
2026/08/13,Condabri Central,540080,PROD,0.000,136.356,0.000,0.000,,,QLD,Regional - QLD,590001,2026/08/18 11:30:08
2026/08/13,Condabri North,540090,PROD,0.000,152.207,0.000,0.000,,,QLD,Regional - QLD,590001,2026/08/18 11:30:08
2026/08/13,Condabri South,540086,PROD,0.000,155.493,0.000,0.000,,,QLD,Regional - QLD,590001,2026/08/18 11:30:08
2026/08/13,Condamine Power Station,544274,BBGPG,0.000,0.000,0.000,0.000,,,QLD,Regional - QLD,590001,2026/08/14 10:36:03
2026/08/13,CRWP,540098,PIPE,0.000,0.000,115.364,0.000,,,QLD,Wallumbilla Hub,540032,2026/08/14 11:13:05
2026/08/13,CRWP,540098,PIPE,0.000,234.434,38.984,398.773,,,QLD,Regional - QLD,590001,2026/08/14 11:13:05
2026/08/13,CWP,520054,PIPE,5.759,0.000,5.877,0.000,,,NSW,Regional - NSW,590011,2026/08/14 12:46:30
2026/08/13,Daandine,540050,PROD,0.000,55.575,0.000,0.000,,,QLD,Regional - QLD,590001,2026/08/14 12:30:04
2026/08/13,Dandenong LNG,530038,STOR,0.000,1.315,0.000,0.000,609.976,27.889,VIC,Melbourne,590008,2026/08/14 12:46:30
2026/08/13,DDP,540097,PIPE,0.000,0.000,0.000,223.395,,,QLD,Wallumbilla Hub,540032,2026/08/15 10:00:05
2026/08/13,DDP,540097,PIPE,0.005,424.255,145.861,346.828,,,QLD,Regional - QLD,590001,2026/08/15 10:00:05
2026/08/13,DDPS,544027,BBGPG,0.005,0.000,0.000,0.000,,,QLD,Regional - QLD,590001,2026/08/15 10:00:05
2026/08/13,Diamantina Power Station,544077,BBGPG,31.422,0.000,0.000,0.000,,,QLD,Regional - QLD,590001,2026/08/14 12:46:30
2026/08/13,Dry Creek Power Station,555026,BBGPG,0.000,0.000,0.000,0.000,,,SA,Regional - SA,590013,2026/08/14 11:31:06
2026/08/13,EGP,520047,PIPE,124.564,0.000,0.000,0.000,,,NSW,Sydney,520008,2026/08/14 12:01:05
2026/08/13,EGP,520047,PIPE,16.833,0.000,0.000,0.000,,,NSW,Canberra,520009,2026/08/14 12:01:05
2026/08/13,EGP,520047,PIPE,0.000,201.524,0.000,101.712,,,VIC,Longford Hub,530015,2026/08/14 12:01:05
2026/08/13,EGP,520047,PIPE,5.616,0.000,0.000,22.022,,,NSW,Regional - NSW,590011,2026/08/14 12:01:05
2026/08/13,EGP,520047,PIPE,1.039,73.005,0.000,0.000,,,VIC,Regional - VIC,590012,2026/08/14 12:01:05
2026/08/13,EO4PL,540055,PIPE,0.000,0.000,0.000,0.000,,,QLD,Regional - QLD,590001,2026/08/14 10:35:31
2026/08/13,Eurombah Creek,540089,PROD,0.000,147.769,0.000,0.000,,,QLD,Regional - QLD,590001,2026/08/18 11:30:08
2026/08/13,Fairview,540070,PROD,0.000,279.609,0.000,0.000,,,QLD,Regional - QLD,590001,2026/08/14 11:13:19
2026/08/13,GLNG (Curtis Island),544276,LNGEXPORT,820.976,0.000,0.000,0.000,,,QLD,Curtis Island,540030,2026/08/14 11:13:05
2026/08/13,GLNG Pipeline,540092,PIPE,820.976,0.000,0.000,0.000,,,QLD,Curtis Island,540030,2026/08/14 11:13:05
2026/08/13,GLNG Pipeline,540092,PIPE,0.000,416.292,398.773,33.685,,,QLD,Regional - QLD,590001,2026/08/14 10:35:31
2026/08/13,Hallett,555029,BBGPG,0.000,0.000,0.000,0.000,,,SA,Regional - SA,590013,2026/08/14 11:31:06
2026/08/13,Hunter Power Station,523210,BBGPG,0.004,0.000,0.000,0.000,,,NSW,Sydney,520008,2026/08/14 12:46:30
2026/08/13,ICF,530071,COMPRESSOR,0.000,0.000,14.000,14.000,,,VIC,Iona Hub,530016,2026/08/14 08:35:03
2026/08/13,Iona UGS,530042,STOR,15.620,104.898,0.000,0.000,14036.661,0.000,VIC,Iona Hub,530016,2026/08/14 08:30:02
2026/08/13,Jeerelang,533161,BBGPG,0.000,0.000,0.000,0.000,,,VIC,Gippsland,590009,2026/08/14 11:00:02
2026/08/13,Jordan,540088,PROD,0.000,332.291,0.000,0.000,,,QLD,Regional - QLD,590001,2026/08/14 10:35:31
2026/08/13,Katherine Power Station,580233,BBGPG,0.000,0.000,0.000,0.000,,,NT,Regional - NT,590017,2026/08/14 12:46:30
2026/08/13,Kenya,540075,PROD,0.000,127.534,0.000,0.000,,,QLD,Regional - QLD,590001,2026/08/14 10:35:31
2026/08/13,Kincora,544253,PROD,0.000,1.161,0.000,0.000,,,QLD,Regional - QLD,590001,2026/08/14 12:46:30
2026/08/13,KKLP,523209,PIPE,0.004,0.000,0.000,0.000,,,NSW,Sydney,520008,2026/08/14 12:46:30
2026/08/13,Kogan North,540061,PROD,0.000,3.576,0.000,0.000,,,QLD,Regional - QLD,590001,2026/08/14 12:46:30
2026/08/13,Ladbroke Grove PS,555086,BBGPG,13.671,0.000,0.000,0.000,,,SA,Regional - SA,590013,2026/08/14 12:46:30
2026/08/13,Lang Lang,530039,PROD,0.000,20.130,0.000,0.000,,,VIC,Gippsland,590009,2026/08/14 10:21:20
2026/08/13,Laverton,533201,BBGPG,0.000,0.000,0.000,0.000,,,VIC,Geelong,590005,2026/08/14 11:00:02
2026/08/13,Longford,530040,PROD,0.000,632.362,0.000,0.000,,,VIC,Longford Hub,530015,2026/08/14 08:39:07
2026/08/13,Loy Yang B,533163,BBGPG,0.000,0.000,0.000,0.000,,,VIC,Gippsland,590009,2026/08/14 11:00:52
2026/08/13,LYB Transmission Pipeline,535023,PIPE,0.000,0.000,0.000,0.000,,,VIC,Gippsland,590009,2026/08/14 11:00:52
2026/08/13,MAPS,550054,PIPE,41.915,0.000,0.000,0.000,,,SA,Adelaide,550016,2026/08/14 11:31:06
2026/08/13,MAPS,550054,PIPE,0.000,36.806,144.831,0.000,,,SA,Moomba Hub,550017,2026/08/14 11:31:06
2026/08/13,MAPS,550054,PIPE,142.561,0.000,3.798,0.000,,,SA,Regional - SA,590013,2026/08/14 11:31:06
2026/08/13,McArthur River Mine,580220,BBGPG,8.513,0.000,0.000,0.000,,,NT,Regional - NT,590017,2026/08/14 08:56:18
2026/08/13,MCF,550050,COMPRESSOR,0.000,0.000,0.000,0.000,,,SA,Moomba Hub,550017,2026/08/14 12:46:30
2026/08/13,Mereenie,580040,PROD,0.000,26.337,0.000,0.000,,,NT,Regional - NT,590017,2026/08/14 11:48:27
2026/08/13,Meridian,540064,PROD,0.000,48.052,0.000,0.000,,,QLD,Regional - QLD,590001,2026/08/14 09:39:10
2026/08/13,Mintaro Power Station,555031,BBGPG,0.000,0.000,0.000,0.000,,,SA,Regional - SA,590013,2026/08/14 11:31:06
2026/08/13,Moomba,550045,PROD,0.000,175.700,0.000,0.000,,,SA,Moomba Hub,550017,2026/08/18 10:00:01
2026/08/13,Moomba Storage,550046,STOR,0.000,0.000,0.000,0.000,6305.600,0.000,SA,Moomba Hub,550017,2026/08/18 10:00:01
2026/08/13,Mortlake PS,530063,BBGPG,22.264,0.000,0.000,0.000,,,VIC,Regional - VIC,590012,2026/08/14 07:20:00
2026/08/13,MPL,530061,PIPE,0.000,0.000,7.256,0.000,,,VIC,Iona Hub,530016,2026/08/14 07:20:00
2026/08/13,MPL,530061,PIPE,22.264,0.000,0.000,0.000,,,VIC,Regional - VIC,590012,2026/08/14 07:20:00
2026/08/13,MRP,580100,PIPE,8.513,0.000,8.514,0.000,,,NT,Regional - NT,590017,2026/08/14 08:56:18
2026/08/13,MSP,520053,PIPE,135.628,0.000,0.000,0.000,,,NSW,Sydney,520008,2026/08/14 12:46:30
2026/08/13,MSP,520053,PIPE,0.000,0.000,121.000,1.000,,,SA,Moomba Hub,550017,2026/08/14 12:46:30
2026/08/13,MSP,520053,PIPE,43.135,0.000,0.000,5.877,,,NSW,Regional - NSW,590011,2026/08/14 12:46:30
2026/08/13,MSP,520053,PIPE,13.073,0.000,0.000,0.000,,,NSW,Regional - ACT,590015,2026/08/14 12:46:30
2026/08/13,MSP,520053,PIPE,0.000,0.000,72.500,0.000,,,NSW,Culcairn,590016,2026/08/14 12:46:30
2026/08/13,Newport,533171,BBGPG,0.004,0.000,0.000,0.000,,,VIC,Melbourne,590008,2026/08/14 11:00:02
2026/08/13,NGP,580050,PIPE,0.000,0.000,0.000,0.000,,,QLD,Regional - QLD,590001,2026/08/14 12:01:15
2026/08/13,NGP,580050,PIPE,0.000,0.000,0.000,0.000,,,NT,Regional - NT,590017,2026/08/14 12:01:15
2026/08/13,NGS,520060,STOR,0.220,0.295,0.000,0.000,676.286,76.810,NSW,Sydney,520008,2026/08/14 07:53:07
2026/08/13,Oakey PS,544095,BBGPG,0.000,0.000,0.000,0.000,,,QLD,Regional - QLD,590001,2026/08/14 12:46:30
2026/08/13,Orana,540084,PROD,0.000,164.481,0.000,0.000,,,QLD,Regional - QLD,590001,2026/08/18 11:30:08
2026/08/13,Orbost,530041,PROD,0.000,73.005,0.000,0.000,,,VIC,Regional - VIC,590012,2026/08/14 12:01:05
2026/08/13,Orica,544011,BBLARGE,9.443,0.000,0.000,0.000,,,QLD,Regional - QLD,590001,2026/08/14 12:01:09
2026/08/13,Orica (Kooragang Island),523206,BBLARGE,38.344,0.000,0.000,0.000,,,NSW,Sydney,520008,2026/08/14 13:00:00
2026/08/13,Osborne,555033,BBGPG,20.798,0.000,0.000,0.000,,,SA,Regional - SA,590013,2026/08/14 11:31:06
2026/08/13,Otway,530044,PROD,0.000,163.997,0.000,0.000,,,VIC,Iona Hub,530016,2026/08/14 11:22:20
2026/08/13,Owen Springs Power Station,580235,BBGPG,1.224,0.000,0.000,0.000,,,NT,Regional - NT,590017,2026/08/14 06:41:06
2026/08/13,Palm Valley,580060,PROD,0.000,5.712,0.000,0.000,,,NT,Regional - NT,590017,2026/08/14 11:48:27
2026/08/13,PCA,550052,PIPE,0.001,19.953,48.119,0.000,,,VIC,Iona Hub,530016,2026/08/14 07:20:01
2026/08/13,PCA,550052,PIPE,20.448,0.000,0.000,0.000,,,SA,Adelaide,550016,2026/08/14 07:20:01
2026/08/13,PCA,550052,PIPE,0.000,0.000,0.000,22.149,,,VIC,Regional - VIC,590012,2026/08/14 07:20:01
2026/08/13,PCA,550052,PIPE,31.997,0.000,0.000,3.777,,,SA,Regional - SA,590013,2026/08/14 07:20:01
2026/08/13,PCI,530060,PIPE,0.000,175.398,0.000,175.398,,,VIC,Iona Hub,530016,2026/08/14 07:20:01
2026/08/13,Peat,540065,PROD,0.000,11.923,0.000,0.000,,,QLD,Regional - QLD,590001,2026/08/18 11:30:08
2026/08/13,Pelican Point Power Station,555089,BBGPG,42.043,0.000,0.000,0.000,,,SA,Regional - SA,590013,2026/08/14 07:20:01
2026/08/13,Phosphate Hill,544081,BBLARGE,24.185,0.000,0.000,0.000,,,QLD,Regional - QLD,590001,2026/08/14 12:46:30
2026/08/13,Pipeline Compression Station,544279,COMPRESSOR,0.000,0.000,0.000,0.000,,,QLD,Regional - QLD,590001,2026/08/14 11:13:05
2026/08/13,PVP,580070,PIPE,1.745,0.000,1.805,0.000,,,NT,Regional - NT,590017,2026/08/14 06:41:06
2026/08/13,QCLNG LNG Plant,544272,LNGEXPORT,1459.360,0.000,0.000,0.000,,,QLD,Curtis Island,540030,2026/08/14 10:35:31
2026/08/13,QGP,540058,PIPE,0.000,0.000,28.012,0.000,,,QLD,Wallumbilla Hub,540032,2026/08/14 12:01:09
2026/08/13,QGP,540058,PIPE,128.695,24.246,76.885,0.000,,,QLD,Regional - QLD,590001,2026/08/14 12:01:09
2026/08/13,Quarantine Power Station,555087,BBGPG,20.184,0.000,0.000,0.000,,,SA,Regional - SA,590013,2026/08/14 11:31:06
2026/08/13,Queensland Aluminia,544012,BBLARGE,29.655,0.000,0.000,0.000,,,QLD,Regional - QLD,590001,2026/08/14 12:01:09
2026/08/13,RBP,540057,PIPE,0.000,0.000,0.000,21.162,,,QLD,Wallumbilla Hub,540032,2026/08/14 12:46:30
2026/08/13,RBP,540057,PIPE,4.484,52.264,46.911,1.636,,,QLD,Regional - QLD,590001,2026/08/14 12:46:30
2026/08/13,RBP,540057,PIPE,55.649,0.000,0.000,0.000,,,QLD,Brisbane,590002,2026/08/14 12:46:30
2026/08/13,RCWP,540102,PIPE,0.000,0.000,85.040,0.000,,,QLD,Wallumbilla Hub,540032,2026/08/14 12:46:30
2026/08/13,RCWP,540102,PIPE,0.000,0.000,31.230,115.462,,,QLD,Regional - QLD,590001,2026/08/14 12:46:30
2026/08/13,Reedy Creek,540085,PROD,0.000,199.573,0.000,0.000,,,QLD,Regional - QLD,590001,2026/08/18 11:30:08
2026/08/13,RMNGPF,640011,PROD,0.000,16.040,0.000,0.000,,,QLD,Regional - QLD,590001,2026/08/14 08:05:07
2026/08/13,RNMGP,640012,PIPE,0.000,16.040,0.000,16.040,,,QLD,Regional - QLD,590001,2026/08/14 08:05:07
2026/08/13,RNP,640009,PIPE,0.000,22.944,0.000,22.944,,,QLD,Regional - QLD,590001,2026/08/14 12:01:10
2026/08/13,Rolleston,540073,PROD,0.000,8.644,0.000,0.000,,,QLD,Regional - QLD,590001,2026/08/14 12:01:09
2026/08/13,Roma,540095,PROD,0.000,234.434,0.000,0.000,,,QLD,Regional - QLD,590001,2026/08/14 11:13:23
2026/08/13,Roma North,544260,PROD,0.000,22.944,0.000,0.000,,,QLD,Regional - QLD,590001,2026/08/14 12:01:15
2026/08/13,Roma Power Station,540120,BBGPG,0.000,0.000,0.000,0.000,,,QLD,Regional - QLD,590001,2026/08/14 11:23:57
2026/08/13,Ron Goodin Power Station,580234,BBGPG,0.000,0.000,0.000,0.000,,,NT,Regional - NT,590017,2026/08/14 06:41:06
2026/08/13,RPL,540110,PIPE,0.068,0.000,0.000,0.000,,,QLD,Regional - QLD,590001,2026/08/14 11:23:57
2026/08/13,Ruby Jo,540082,PROD,0.000,427.615,0.000,0.000,,,QLD,Regional - QLD,590001,2026/08/14 10:35:31
2026/08/13,RUGS,540040,STOR,0.000,1.173,0.000,0.000,15145.334,0.000,QLD,Regional - QLD,590001,2026/08/14 11:13:23
2026/08/13,Scotia,540072,PROD,0.000,96.109,0.000,0.000,,,QLD,Regional - QLD,590001,2026/08/14 11:13:23
2026/08/13,SEPS,550061,PIPE,8.012,0.000,8.029,0.000,,,SA,Regional - SA,590013,2026/08/14 11:32:05
2026/08/13,SESA,550060,PIPE,0.000,0.000,22.147,0.000,,,VIC,Regional - VIC,590012,2026/08/14 12:46:30
2026/08/13,SESA,550060,PIPE,13.671,0.000,0.000,8.029,,,SA,Regional - SA,590013,2026/08/14 12:46:30
2026/08/13,Shoalhaven Starches Cogeneration Plant,523203,BBLARGE,22.284,0.000,0.000,0.000,,,NSW,Regional - NSW,590011,2026/08/15 12:24:22
2026/08/13,Smithfield Energy Facility,522004,BBGPG,0.000,0.000,0.000,0.000,,,NSW,Regional - NSW,590011,2026/08/14 12:07:08
2026/08/13,Snapper Point,555090,BBGPG,0.000,0.000,0.000,0.000,,,SA,Regional - SA,590013,2026/08/14 11:31:06
2026/08/13,Somerton,533174,BBGPG,0.002,0.000,0.000,0.000,,,VIC,Melbourne,590008,2026/08/14 11:00:02
2026/08/13,Spring Gully,540066,PROD,0.000,52.778,0.000,0.000,,,QLD,Regional - QLD,590001,2026/08/18 11:30:08
2026/08/13,SSP,540103,PIPE,0.000,3.740,0.000,3.740,,,QLD,Regional - QLD,590001,2026/08/17 08:27:33
2026/08/13,SSSF,540062,STOR,0.000,6.300,0.000,0.000,8592.632,0.000,QLD,Regional - QLD,590001,2026/08/17 08:27:33
2026/08/13,Strathblane,540067,PROD,0.000,47.431,0.000,0.000,,,QLD,Regional - QLD,590001,2026/08/18 11:30:08
2026/08/13,Swanbank Power Station,544104,BBGPG,0.000,0.000,0.000,0.000,,,QLD,Brisbane,590002,2026/08/14 12:46:30
2026/08/13,SWQP,540060,PIPE,0.000,0.000,370.184,228.416,,,QLD,Wallumbilla Hub,540032,2026/08/14 12:46:30
2026/08/13,SWQP,540060,PIPE,0.000,0.000,0.000,75.546,,,QLD,Ballera,540078,2026/08/14 12:46:30
2026/08/13,SWQP,540060,PIPE,0.000,141.926,0.000,264.831,,,SA,Moomba Hub,550017,2026/08/14 12:46:30
2026/08/13,SWQP,540060,PIPE,0.116,0.000,0.000,0.000,,,QLD,Regional - QLD,590001,2026/08/14 12:46:30
2026/08/13,Talinga,540076,PROD,0.000,80.624,0.000,0.000,,,QLD,Regional - QLD,590001,2026/08/18 11:30:08
2026/08/13,Tallawarra,522002,BBGPG,0.000,0.000,0.000,0.000,,,NSW,Regional - NSW,590011,2026/08/14 11:00:05
2026/08/13,Tallawarra Pipeline,523201,PIPE,0.000,0.000,0.000,0.000,,,NSW,Regional - NSW,590011,2026/08/14 11:00:05
2026/08/13,Taloona,540068,PROD,0.000,40.734,0.000,0.000,,,QLD,Regional - QLD,590001,2026/08/18 11:30:08
2026/08/13,Tanami GP,580210,PIPE,7.330,0.000,8.100,0.000,,,NT,Regional - NT,590017,2026/08/14 12:02:00
2026/08/13,TGP,570050,PIPE,0.000,0.000,68.619,16.598,,,VIC,Longford Hub,530015,2026/08/15 12:01:00
2026/08/13,TGP,570050,PIPE,46.323,0.000,0.000,0.000,,,TAS,Regional - TAS,590014,2026/08/15 12:01:00
2026/08/13,Tipton,540051,PROD,0.000,39.404,0.000,0.000,,,QLD,Regional - QLD,590001,2026/08/14 12:30:04
2026/08/13,Torrens Island PS,555041,BBGPG,69.119,0.000,0.000,0.000,,,SA,Regional - SA,590013,2026/08/14 11:31:06
2026/08/13,Uranquinty Power Station,522047,BBGPG,0.000,0.000,0.000,0.000,,,NSW,Regional - NSW,590011,2026/08/14 12:46:30
2026/08/13,Valley Power GPG,535024,BBGPG,0.000,0.000,0.000,0.000,,,VIC,Gippsland,590009,2026/08/14 11:00:52
2026/08/13,VicHub,532005,PIPE,0.000,0.000,33.089,33.089,,,VIC,Longford Hub,530015,2026/08/14 12:01:17
2026/08/13,Viva Energy Refinery,535018,BBLARGE,9.975,0.000,0.000,0.000,,,VIC,Geelong,590005,2026/08/14 07:30:15
2026/08/13,VTS,530110,PIPE,0.000,429.126,49.701,0.000,,,VIC,Longford Hub,530015,2026/08/14 11:00:02
2026/08/13,VTS,530110,PIPE,0.000,74.934,120.022,0.000,,,VIC,Iona Hub,530016,2026/08/14 11:00:02
2026/08/13,VTS,530110,PIPE,12.490,0.000,0.000,0.000,,,VIC,Western,590004,2026/08/14 11:00:02
2026/08/13,VTS,530110,PIPE,64.474,0.000,0.000,0.000,,,VIC,Geelong,590005,2026/08/14 11:00:02
2026/08/13,VTS,530110,PIPE,43.672,0.000,0.000,0.000,,,VIC,Ballarat,590006,2026/08/14 11:00:02
2026/08/13,VTS,530110,PIPE,66.053,0.000,0.000,0.000,,,VIC,Northern,590007,2026/08/14 11:00:02
2026/08/13,VTS,530110,PIPE,384.570,1.288,0.000,0.000,,,VIC,Melbourne,590008,2026/08/14 11:00:02
2026/08/13,VTS,530110,PIPE,39.172,0.000,17.750,0.000,,,VIC,Gippsland,590009,2026/08/14 11:00:02
2026/08/13,VTS,530110,PIPE,0.000,0.000,0.000,72.499,,,NSW,Culcairn,590016,2026/08/14 11:00:02
2026/08/13,Wallumbilla Compression Station,544280,COMPRESSOR,0.000,0.000,0.000,0.000,,,QLD,Wallumbilla Hub,540032,2026/08/14 11:13:05
2026/08/13,WCFA,540045,COMPRESSOR,0.000,0.000,259.759,259.759,,,QLD,Wallumbilla Hub,540032,2026/08/14 12:46:30
2026/08/13,WCFB,540046,COMPRESSOR,0.000,0.000,105.263,105.263,,,QLD,Wallumbilla Hub,540032,2026/08/14 12:46:30
2026/08/13,Weddell Power Station,580232,BBGPG,23.306,0.000,0.000,0.000,,,NT,Darwin,580001,2026/08/14 12:46:30
2026/08/13,WGP,540091,PIPE,1459.360,0.000,0.000,0.000,,,QLD,Curtis Island,540030,2026/08/14 10:35:31
2026/08/13,WGP,540091,PIPE,0.000,1419.418,50.712,0.000,,,QLD,Regional - QLD,590001,2026/08/14 10:35:31
2026/08/13,Whyalla Steelworks,555085,BBLARGE,3.358,0.000,0.000,0.000,,,SA,Regional - SA,590013,2026/08/14 11:31:06
2026/08/13,Windibri,540069,PROD,0.000,78.103,0.000,0.000,,,QLD,Regional - QLD,590001,2026/08/14 10:35:31
2026/08/13,Woleebee Creek,540087,PROD,0.000,642.753,0.000,0.000,,,QLD,Regional - QLD,590001,2026/08/14 10:35:31
2026/08/13,WPP,580030,PIPE,23.306,29.068,0.000,5.761,,,NT,Darwin,580001,2026/08/14 12:46:30
2026/08/13,Yarwun,544282,BBGPG,71.639,0.000,0.000,0.000,,,QLD,Regional - QLD,590001,2026/08/14 12:01:09
2026/08/13,Yelcherr,580180,PROD,0.000,0.000,0.000,0.000,,,NT,Regional - NT,590017,2026/08/14 12:46:30
2026/08/13,Yellowbank,540074,PROD,0.000,11.353,0.000,0.000,,,QLD,Regional - QLD,590001,2026/08/14 12:01:09
2026/08/14,Adelaide Brighton,555091,BBLARGE,8.614,0.000,0.000,0.000,,,SA,Adelaide,550016,2026/09/01 13:00:01
2026/08/14,AGP,580010,PIPE,14.278,0.000,9.797,0.000,,,NT,Darwin,580001,2026/08/15 12:46:30
2026/08/14,AGP,580010,PIPE,6.282,31.671,0.000,17.908,,,NT,Regional - NT,590017,2026/08/15 12:46:30
2026/08/14,APLNG Pipeline,540093,PIPE,1677.529,0.000,0.000,0.000,,,QLD,Curtis Island,540030,2026/08/19 11:52:23
2026/08/14,APLNG Pipeline,540093,PIPE,0.000,1337.647,540.548,186.912,,,QLD,Regional - QLD,590001,2026/08/19 11:52:23
2026/08/14,Arcadia,540101,PROD,0.000,92.796,0.000,0.000,,,QLD,Regional - QLD,590001,2026/08/15 10:29:41
2026/08/14,ATGP,640013,PIPE,0.000,42.922,0.000,42.922,,,QLD,Regional - QLD,590001,2026/08/15 12:01:09
2026/08/14,ATHENA,535014,PROD,0.000,17.334,0.000,0.000,,,VIC,Iona Hub,530016,2026/08/19 10:34:44
2026/08/14,Atlas,544261,PROD,0.000,42.922,0.000,0.000,,,QLD,Regional - QLD,590001,2026/08/15 12:01:13
2026/08/14,Atlas East Central Processing Facility,640008,PROD,0.000,31.270,0.000,0.000,,,QLD,Regional - QLD,590001,2026/08/15 10:10:29
2026/08/14,Atlas to Reedy Creek Pipeline,640007,PIPE,0.000,31.271,0.000,30.263,,,QLD,Regional - QLD,590001,2026/08/15 12:46:30
2026/08/14,Australia Pacific LNG,544273,LNGEXPORT,1677.529,0.000,0.000,0.000,,,QLD,Curtis Island,540030,2026/08/15 12:00:25
2026/08/14,Australian Paper (Opal),535021,BBLARGE,10.563,0.000,0.000,0.000,,,VIC,Gippsland,590009,2026/08/15 11:00:01
2026/08/14,B1PL,540077,PIPE,3.503,42.516,0.000,43.290,,,QLD,Regional - QLD,590001,2026/08/15 11:00:49
2026/08/14,B2PL,540071,PIPE,5.236,52.936,3.009,54.739,,,QLD,Regional - QLD,590001,2026/08/15 12:30:04
2026/08/14,Bairnsdale Power Station,535020,BBGPG,2.498,0.000,0.000,0.000,,,VIC,Regional - VIC,590012,2026/08/15 11:00:51
2026/08/14,BCF,540047,COMPRESSOR,0.000,0.000,61.600,61.600,,,QLD,Regional - QLD,590001,2026/08/19 20:49:23
2026/08/14,Bell Bay CCGT,577016,BBGPG,35.216,0.000,0.000,0.000,,,TAS,Regional - TAS,590014,2026/08/16 12:01:00
2026/08/14,Bell Bay GGT,577014,BBGPG,0.119,0.000,0.000,0.000,,,TAS,Regional - TAS,590014,2026/08/16 12:01:00
2026/08/14,Bell Bay OCGT,577015,BBGPG,0.000,0.000,0.000,0.000,,,TAS,Regional - TAS,590014,2026/08/16 12:01:00
2026/08/14,Bellevue,540083,PROD,0.000,157.185,0.000,0.000,,,QLD,Regional - QLD,590001,2026/08/15 10:36:15
2026/08/14,BGP,580020,PIPE,0.317,0.000,0.000,0.000,,,NT,Regional - NT,590017,2026/08/15 12:46:30
2026/08/14,BlueScope,523204,BBLARGE,10.772,0.000,0.000,0.000,,,NSW,Sydney,520008,2026/08/15 12:01:05
2026/08/14,Bolivar,555008,BBGPG,5.153,0.000,0.000,0.000,,,SA,Regional - SA,590013,2026/08/15 12:08:13
2026/08/14,Bomaderry Gas Pipeline,523202,PIPE,0.000,0.000,22.284,0.000,,,NSW,Regional - NSW,590011,2026/08/15 12:01:05
2026/08/14,BPP,530030,PIPE,2.580,20.020,0.000,17.443,,,VIC,Gippsland,590009,2026/08/15 11:00:01
2026/08/14,Braemar 2 Power Station,544085,BBGPG,5.236,0.000,0.000,0.000,,,QLD,Regional - QLD,590001,2026/08/15 12:30:04
2026/08/14,Braemar Power Station,544252,BBGPG,3.503,0.000,0.000,0.000,,,QLD,Regional - QLD,590001,2026/08/15 11:00:49
2026/08/14,BWP,540096,PIPE,0.000,0.000,0.000,67.665,,,QLD,Wallumbilla Hub,540032,2026/08/15 12:46:30
2026/08/14,BWP,540096,PIPE,0.000,65.846,0.000,0.000,,,QLD,Regional - QLD,590001,2026/08/15 12:46:30
2026/08/14,CGP,540059,PIPE,0.000,0.000,61.603,0.000,,,QLD,Ballera,540078,2026/08/15 12:46:30
2026/08/14,CGP,540059,PIPE,66.583,0.000,0.000,0.000,,,QLD,Regional - QLD,590001,2026/08/15 12:46:30
2026/08/14,Channel Island Power Station,580231,BBGPG,14.278,0.000,0.000,0.000,,,NT,Darwin,580001,2026/08/15 12:46:30
2026/08/14,Colongra,523120,BBGPG,0.000,0.000,0.000,0.000,,,NSW,Regional - NSW,590011,2026/08/15 12:00:06
2026/08/14,ColongraGP,520090,PIPE,0.000,0.000,0.000,0.000,,,NSW,Sydney,520008,2026/08/15 12:00:06
2026/08/14,ColongraGP,520090,PIPE,0.000,0.000,0.000,0.000,,,NSW,Regional - NSW,590011,2026/08/15 12:00:06
2026/08/14,Combabula,540094,PROD,0.000,292.463,0.000,0.000,,,QLD,Regional - QLD,590001,2026/08/19 11:52:23
2026/08/14,Condabri Central,540080,PROD,0.000,141.285,0.000,0.000,,,QLD,Regional - QLD,590001,2026/08/19 11:52:23
2026/08/14,Condabri North,540090,PROD,0.000,162.013,0.000,0.000,,,QLD,Regional - QLD,590001,2026/08/19 11:52:23
2026/08/14,Condabri South,540086,PROD,0.000,155.210,0.000,0.000,,,QLD,Regional - QLD,590001,2026/08/19 11:52:23
2026/08/14,Condamine Power Station,544274,BBGPG,0.000,0.000,0.000,0.000,,,QLD,Regional - QLD,590001,2026/08/15 10:35:34
2026/08/14,CRWP,540098,PIPE,0.000,0.000,145.949,0.000,,,QLD,Wallumbilla Hub,540032,2026/08/15 10:39:25
2026/08/14,CRWP,540098,PIPE,0.000,233.909,38.941,448.901,,,QLD,Regional - QLD,590001,2026/08/15 10:39:25
2026/08/14,CWP,520054,PIPE,5.784,0.000,5.843,0.000,,,NSW,Regional - NSW,590011,2026/08/15 12:46:30
2026/08/14,Daandine,540050,PROD,0.000,54.045,0.000,0.000,,,QLD,Regional - QLD,590001,2026/08/15 12:30:04
2026/08/14,Dandenong LNG,530038,STOR,0.000,0.278,0.000,0.000,609.814,27.889,VIC,Melbourne,590008,2026/08/15 12:46:30
2026/08/14,DDP,540097,PIPE,0.000,0.000,0.000,228.710,,,QLD,Wallumbilla Hub,540032,2026/08/15 12:01:08
2026/08/14,DDP,540097,PIPE,0.004,532.551,147.657,457.737,,,QLD,Regional - QLD,590001,2026/08/15 12:01:08
2026/08/14,DDPS,544027,BBGPG,0.004,0.000,0.000,0.000,,,QLD,Regional - QLD,590001,2026/08/15 12:01:08
2026/08/14,Diamantina Power Station,544077,BBGPG,30.965,0.000,0.000,0.000,,,QLD,Regional - QLD,590001,2026/08/15 12:46:30
2026/08/14,Dry Creek Power Station,555026,BBGPG,0.000,0.000,0.000,0.000,,,SA,Regional - SA,590013,2026/08/15 11:31:05
2026/08/14,EGP,520047,PIPE,125.700,0.000,0.000,0.000,,,NSW,Sydney,520008,2026/08/15 12:01:05
2026/08/14,EGP,520047,PIPE,16.815,0.000,0.000,0.000,,,NSW,Canberra,520009,2026/08/15 12:01:05
2026/08/14,EGP,520047,PIPE,0.000,233.671,0.000,123.333,,,VIC,Longford Hub,530015,2026/08/15 12:01:05
2026/08/14,EGP,520047,PIPE,5.608,0.000,0.000,22.284,,,NSW,Regional - NSW,590011,2026/08/15 12:01:05
2026/08/14,EGP,520047,PIPE,3.574,73.096,0.000,0.000,,,VIC,Regional - VIC,590012,2026/08/15 12:01:05
2026/08/14,EO4PL,540055,PIPE,0.000,0.000,0.000,0.000,,,QLD,Regional - QLD,590001,2026/08/15 10:36:15
2026/08/14,Eurombah Creek,540089,PROD,0.000,144.802,0.000,0.000,,,QLD,Regional - QLD,590001,2026/08/19 11:52:23
2026/08/14,Fairview,540070,PROD,0.000,279.759,0.000,0.000,,,QLD,Regional - QLD,590001,2026/08/15 10:29:41
2026/08/14,GLNG (Curtis Island),544276,LNGEXPORT,821.948,0.000,0.000,0.000,,,QLD,Curtis Island,540030,2026/08/15 10:39:25
2026/08/14,GLNG Pipeline,540092,PIPE,821.948,0.000,0.000,0.000,,,QLD,Curtis Island,540030,2026/08/15 10:39:25
2026/08/14,GLNG Pipeline,540092,PIPE,0.000,416.550,448.901,33.182,,,QLD,Regional - QLD,590001,2026/08/15 10:36:15
2026/08/14,Hallett,555029,BBGPG,8.990,0.000,0.000,0.000,,,SA,Regional - SA,590013,2026/08/15 11:31:05
2026/08/14,Hunter Power Station,523210,BBGPG,0.003,0.000,0.000,0.000,,,NSW,Sydney,520008,2026/08/15 12:46:30
2026/08/14,ICF,530071,COMPRESSOR,0.000,0.000,15.372,15.372,,,VIC,Iona Hub,530016,2026/08/15 08:35:03
2026/08/14,Iona UGS,530042,STOR,15.372,74.669,0.000,0.000,13977.364,0.000,VIC,Iona Hub,530016,2026/08/15 08:30:02
2026/08/14,Jeerelang,533161,BBGPG,0.000,0.000,0.000,0.000,,,VIC,Gippsland,590009,2026/08/15 11:00:01
2026/08/14,Jordan,540088,PROD,0.000,332.787,0.000,0.000,,,QLD,Regional - QLD,590001,2026/08/15 10:36:15
2026/08/14,Katherine Power Station,580233,BBGPG,0.000,0.000,0.000,0.000,,,NT,Regional - NT,590017,2026/08/15 12:46:30
2026/08/14,Kenya,540075,PROD,0.000,125.604,0.000,0.000,,,QLD,Regional - QLD,590001,2026/08/15 10:36:15
2026/08/14,Kincora,544253,PROD,0.000,4.000,0.000,0.000,,,QLD,Regional - QLD,590001,2026/08/15 12:46:30
2026/08/14,KKLP,523209,PIPE,0.003,0.000,0.000,0.000,,,NSW,Sydney,520008,2026/08/15 12:46:30
2026/08/14,Kogan North,540061,PROD,0.000,4.172,0.000,0.000,,,QLD,Regional - QLD,590001,2026/08/15 12:46:30
2026/08/14,Ladbroke Grove PS,555086,BBGPG,14.784,0.000,0.000,0.000,,,SA,Regional - SA,590013,2026/08/15 12:46:30
2026/08/14,Lang Lang,530039,PROD,0.000,20.020,0.000,0.000,,,VIC,Gippsland,590009,2026/08/15 08:33:34
2026/08/14,Laverton,533201,BBGPG,0.048,0.000,0.000,0.000,,,VIC,Geelong,590005,2026/08/15 11:00:01
2026/08/14,Longford,530040,PROD,0.000,656.012,0.000,0.000,,,VIC,Longford Hub,530015,2026/08/15 08:30:55
2026/08/14,Loy Yang B,533163,BBGPG,0.000,0.000,0.000,0.000,,,VIC,Gippsland,590009,2026/08/15 11:00:53
2026/08/14,LYB Transmission Pipeline,535023,PIPE,0.757,0.000,0.000,0.000,,,VIC,Gippsland,590009,2026/08/15 11:00:53
2026/08/14,MAPS,550054,PIPE,35.400,0.000,0.000,0.000,,,SA,Adelaide,550016,2026/08/15 11:31:05
2026/08/14,MAPS,550054,PIPE,0.000,34.987,160.047,0.000,,,SA,Moomba Hub,550017,2026/08/15 11:31:05
2026/08/14,MAPS,550054,PIPE,174.870,0.000,0.000,0.000,,,SA,Regional - SA,590013,2026/08/15 11:31:05
2026/08/14,McArthur River Mine,580220,BBGPG,8.838,0.000,0.000,0.000,,,NT,Regional - NT,590017,2026/08/15 09:37:03
2026/08/14,MCF,550050,COMPRESSOR,0.000,0.000,0.000,0.000,,,SA,Moomba Hub,550017,2026/08/15 12:46:30
2026/08/14,Mereenie,580040,PROD,0.000,26.184,0.000,0.000,,,NT,Regional - NT,590017,2026/08/15 11:30:53
2026/08/14,Meridian,540064,PROD,0.000,48.245,0.000,0.000,,,QLD,Regional - QLD,590001,2026/08/15 09:39:12
2026/08/14,Mintaro Power Station,555031,BBGPG,0.000,0.000,0.000,0.000,,,SA,Regional - SA,590013,2026/08/15 11:31:05
2026/08/14,Moomba,550045,PROD,0.000,176.200,0.000,0.000,,,SA,Moomba Hub,550017,2026/08/19 20:49:23
2026/08/14,Moomba Storage,550046,STOR,0.000,0.000,0.000,0.000,6305.600,0.000,SA,Moomba Hub,550017,2026/08/19 20:49:23
2026/08/14,Mortlake PS,530063,BBGPG,42.040,0.000,0.000,0.000,,,VIC,Regional - VIC,590012,2026/08/15 07:20:00
2026/08/14,MPL,530061,PIPE,0.000,0.000,48.016,0.000,,,VIC,Iona Hub,530016,2026/08/15 07:20:00
2026/08/14,MPL,530061,PIPE,42.040,0.000,0.000,0.000,,,VIC,Regional - VIC,590012,2026/08/15 07:20:00
2026/08/14,MRP,580100,PIPE,8.838,0.000,8.839,0.000,,,NT,Regional - NT,590017,2026/08/15 09:37:03
2026/08/14,MSP,520053,PIPE,124.688,0.000,0.000,0.000,,,NSW,Sydney,520008,2026/08/15 12:46:30
2026/08/14,MSP,520053,PIPE,0.000,0.000,103.000,3.000,,,SA,Moomba Hub,550017,2026/08/15 12:46:30
2026/08/14,MSP,520053,PIPE,39.761,0.000,0.000,5.843,,,NSW,Regional - NSW,590011,2026/08/15 12:46:30
2026/08/14,MSP,520053,PIPE,18.806,0.000,0.000,0.000,,,NSW,Regional - ACT,590015,2026/08/15 12:46:30
2026/08/14,MSP,520053,PIPE,0.000,0.000,88.905,0.000,,,NSW,Culcairn,590016,2026/08/15 12:46:30
2026/08/14,Newport,533171,BBGPG,0.003,0.000,0.000,0.000,,,VIC,Melbourne,590008,2026/08/15 11:00:01
2026/08/14,NGP,580050,PIPE,0.000,0.000,0.000,0.000,,,QLD,Regional - QLD,590001,2026/08/15 12:01:11
2026/08/14,NGP,580050,PIPE,0.000,0.000,0.000,0.000,,,NT,Regional - NT,590017,2026/08/15 12:01:11
2026/08/14,NGS,520060,STOR,0.260,0.434,0.000,0.000,676.573,76.863,NSW,Sydney,520008,2026/08/15 09:23:41
2026/08/14,Oakey PS,544095,BBGPG,0.000,0.000,0.000,0.000,,,QLD,Regional - QLD,590001,2026/08/15 12:46:30
2026/08/14,Orana,540084,PROD,0.000,167.179,0.000,0.000,,,QLD,Regional - QLD,590001,2026/08/19 11:52:23
2026/08/14,Orbost,530041,PROD,0.000,73.096,0.000,0.000,,,VIC,Regional - VIC,590012,2026/08/15 12:01:05
2026/08/14,Orica,544011,BBLARGE,9.380,0.000,0.000,0.000,,,QLD,Regional - QLD,590001,2026/08/15 12:01:06
2026/08/14,Orica (Kooragang Island),523206,BBLARGE,38.971,0.000,0.000,0.000,,,NSW,Sydney,520008,2026/08/15 13:00:00
2026/08/14,Osborne,555033,BBGPG,35.707,0.000,0.000,0.000,,,SA,Regional - SA,590013,2026/08/15 11:31:05
2026/08/14,Otway,530044,PROD,0.000,164.060,0.000,0.000,,,VIC,Iona Hub,530016,2026/08/15 08:32:32
2026/08/14,Owen Springs Power Station,580235,BBGPG,0.855,0.000,0.000,0.000,,,NT,Regional - NT,590017,2026/08/15 06:41:03
2026/08/14,Palm Valley,580060,PROD,0.000,5.487,0.000,0.000,,,NT,Regional - NT,590017,2026/08/15 11:30:53
2026/08/14,PCA,550052,PIPE,0.000,31.188,42.405,0.000,,,VIC,Iona Hub,530016,2026/08/15 07:20:01
2026/08/14,PCA,550052,PIPE,25.960,0.000,0.000,0.000,,,SA,Adelaide,550016,2026/08/15 07:20:01
2026/08/14,PCA,550052,PIPE,0.000,0.000,0.000,22.725,,,VIC,Regional - VIC,590012,2026/08/15 07:20:01
2026/08/14,PCA,550052,PIPE,38.291,0.000,0.000,0.002,,,SA,Regional - SA,590013,2026/08/15 07:20:01
2026/08/14,PCI,530060,PIPE,0.000,175.445,0.000,175.445,,,VIC,Iona Hub,530016,2026/08/15 07:20:01
2026/08/14,Peat,540065,PROD,0.000,11.905,0.000,0.000,,,QLD,Regional - QLD,590001,2026/08/19 11:52:23
2026/08/14,Pelican Point Power Station,555089,BBGPG,54.707,0.000,0.000,0.000,,,SA,Regional - SA,590013,2026/08/15 07:20:01
2026/08/14,Phosphate Hill,544081,BBLARGE,25.037,0.000,0.000,0.000,,,QLD,Regional - QLD,590001,2026/08/15 12:46:30
2026/08/14,Pipeline Compression Station,544279,COMPRESSOR,0.000,0.000,0.000,0.000,,,QLD,Regional - QLD,590001,2026/08/15 10:39:25
2026/08/14,PVP,580070,PIPE,1.358,0.000,1.469,0.000,,,NT,Regional - NT,590017,2026/08/15 06:41:03
2026/08/14,QCLNG LNG Plant,544272,LNGEXPORT,1464.624,0.000,0.000,0.000,,,QLD,Curtis Island,540030,2026/08/15 10:36:15
2026/08/14,QGP,540058,PIPE,0.000,0.000,26.406,0.000,,,QLD,Wallumbilla Hub,540032,2026/08/15 12:01:06
2026/08/14,QGP,540058,PIPE,120.003,24.412,81.876,0.000,,,QLD,Regional - QLD,590001,2026/08/15 12:01:06
2026/08/14,Quarantine Power Station,555087,BBGPG,13.802,0.000,0.000,0.000,,,SA,Regional - SA,590013,2026/08/15 11:31:05
2026/08/14,Queensland Aluminia,544012,BBLARGE,24.269,0.000,0.000,0.000,,,QLD,Regional - QLD,590001,2026/08/15 12:01:06
2026/08/14,RBP,540057,PIPE,0.000,0.000,0.000,38.194,,,QLD,Wallumbilla Hub,540032,2026/08/15 12:46:30
2026/08/14,RBP,540057,PIPE,4.049,39.781,50.590,3.009,,,QLD,Regional - QLD,590001,2026/08/15 12:46:30
2026/08/14,RBP,540057,PIPE,51.896,0.000,0.000,0.000,,,QLD,Brisbane,590002,2026/08/15 12:46:30
2026/08/14,RCWP,540102,PIPE,0.000,0.000,19.417,0.000,,,QLD,Wallumbilla Hub,540032,2026/08/15 12:46:30
2026/08/14,RCWP,540102,PIPE,0.000,0.000,30.263,49.680,,,QLD,Regional - QLD,590001,2026/08/15 12:46:30
2026/08/14,Reedy Creek,540085,PROD,0.000,198.943,0.000,0.000,,,QLD,Regional - QLD,590001,2026/08/19 11:52:23
2026/08/14,RMNGPF,640011,PROD,0.000,15.990,0.000,0.000,,,QLD,Regional - QLD,590001,2026/08/15 10:10:41
2026/08/14,RNMGP,640012,PIPE,0.000,15.990,0.000,15.990,,,QLD,Regional - QLD,590001,2026/08/15 10:10:41
2026/08/14,RNP,640009,PIPE,0.000,22.951,0.000,22.951,,,QLD,Regional - QLD,590001,2026/08/15 12:01:07
2026/08/14,Rolleston,540073,PROD,0.000,8.649,0.000,0.000,,,QLD,Regional - QLD,590001,2026/08/15 12:01:06
2026/08/14,Roma,540095,PROD,0.000,233.909,0.000,0.000,,,QLD,Regional - QLD,590001,2026/08/15 10:30:08
2026/08/14,Roma North,544260,PROD,0.000,22.951,0.000,0.000,,,QLD,Regional - QLD,590001,2026/08/15 12:01:12
2026/08/14,Roma Power Station,540120,BBGPG,0.000,0.000,0.000,0.000,,,QLD,Regional - QLD,590001,2026/08/15 12:38:57
2026/08/14,Ron Goodin Power Station,580234,BBGPG,0.000,0.000,0.000,0.000,,,NT,Regional - NT,590017,2026/08/15 06:41:03
2026/08/14,RPL,540110,PIPE,0.067,0.000,0.000,0.000,,,QLD,Regional - QLD,590001,2026/08/15 12:38:57
2026/08/14,Ruby Jo,540082,PROD,0.000,427.984,0.000,0.000,,,QLD,Regional - QLD,590001,2026/08/15 10:36:15
2026/08/14,RUGS,540040,STOR,0.000,3.756,0.000,0.000,15145.336,0.000,QLD,Regional - QLD,590001,2026/08/15 10:30:08
2026/08/14,Scotia,540072,PROD,0.000,96.878,0.000,0.000,,,QLD,Regional - QLD,590001,2026/08/15 10:30:08
2026/08/14,SEPS,550061,PIPE,7.879,0.000,7.894,0.000,,,SA,Regional - SA,590013,2026/08/15 11:32:05
2026/08/14,SESA,550060,PIPE,0.000,0.000,22.728,0.000,,,VIC,Regional - VIC,590012,2026/08/15 12:46:30
2026/08/14,SESA,550060,PIPE,14.784,0.000,0.000,7.890,,,SA,Regional - SA,590013,2026/08/15 12:46:30
2026/08/14,Smithfield Energy Facility,522004,BBGPG,0.000,0.000,0.000,0.000,,,NSW,Regional - NSW,590011,2026/08/15 12:08:21
2026/08/14,Snapper Point,555090,BBGPG,0.000,0.000,0.000,0.000,,,SA,Regional - SA,590013,2026/08/15 11:31:05
2026/08/14,Somerton,533174,BBGPG,0.004,0.000,0.000,0.000,,,VIC,Melbourne,590008,2026/08/15 11:00:01
2026/08/14,Spring Gully,540066,PROD,0.000,54.341,0.000,0.000,,,QLD,Regional - QLD,590001,2026/08/19 11:52:23
2026/08/14,SSP,540103,PIPE,0.000,7.300,0.000,7.300,,,QLD,Regional - QLD,590001,2026/08/15 09:12:50
2026/08/14,SSSF,540062,STOR,0.000,5.400,0.000,0.000,8587.232,0.000,QLD,Regional - QLD,590001,2026/08/15 09:12:50
2026/08/14,Strathblane,540067,PROD,0.000,47.415,0.000,0.000,,,QLD,Regional - QLD,590001,2026/08/19 11:52:23
2026/08/14,Swanbank Power Station,544104,BBGPG,0.000,0.000,0.000,0.000,,,QLD,Brisbane,590002,2026/08/15 12:46:30
2026/08/14,SWQP,540060,PIPE,0.000,0.000,334.569,191.773,,,QLD,Wallumbilla Hub,540032,2026/08/15 12:46:30
2026/08/14,SWQP,540060,PIPE,0.000,0.000,0.000,66.472,,,QLD,Ballera,540078,2026/08/15 12:46:30
2026/08/14,SWQP,540060,PIPE,0.000,145.207,0.000,260.047,,,SA,Moomba Hub,550017,2026/08/15 12:46:30
2026/08/14,SWQP,540060,PIPE,0.118,0.000,0.000,0.000,,,QLD,Regional - QLD,590001,2026/08/15 12:46:30
2026/08/14,Talinga,540076,PROD,0.000,81.649,0.000,0.000,,,QLD,Regional - QLD,590001,2026/08/19 11:52:23
2026/08/14,Tallawarra,522002,BBGPG,0.000,0.000,0.000,0.000,,,NSW,Regional - NSW,590011,2026/08/15 11:00:10
2026/08/14,Tallawarra Pipeline,523201,PIPE,0.000,0.000,0.000,0.000,,,NSW,Regional - NSW,590011,2026/08/15 11:00:10
2026/08/14,Taloona,540068,PROD,0.000,40.713,0.000,0.000,,,QLD,Regional - QLD,590001,2026/08/19 11:52:23
2026/08/14,Tanami GP,580210,PIPE,7.590,0.000,7.600,0.000,,,NT,Regional - NT,590017,2026/08/15 12:02:00
2026/08/14,TGP,570050,PIPE,0.000,0.000,81.176,15.482,,,VIC,Longford Hub,530015,2026/08/16 12:01:00
2026/08/14,TGP,570050,PIPE,53.543,0.000,0.000,0.000,,,TAS,Regional - TAS,590014,2026/08/16 12:01:00
2026/08/14,Tipton,540051,PROD,0.000,41.406,0.000,0.000,,,QLD,Regional - QLD,590001,2026/08/15 12:30:04
2026/08/14,Torrens Island PS,555041,BBGPG,72.241,0.000,0.000,0.000,,,SA,Regional - SA,590013,2026/08/15 11:31:05
2026/08/14,Uranquinty Power Station,522047,BBGPG,0.001,0.000,0.000,0.000,,,NSW,Regional - NSW,590011,2026/08/15 12:46:30
2026/08/14,Valley Power GPG,535024,BBGPG,0.757,0.000,0.000,0.000,,,VIC,Gippsland,590009,2026/08/15 11:00:53
2026/08/14,VicHub,532005,PIPE,0.000,0.000,42.154,42.154,,,VIC,Longford Hub,530015,2026/08/15 12:01:15
2026/08/14,Viva Energy Refinery,535018,BBLARGE,11.821,0.000,0.000,0.000,,,VIC,Geelong,590005,2026/08/15 07:30:15
2026/08/14,VTS,530110,PIPE,0.000,420.306,57.651,0.000,,,VIC,Longford Hub,530015,2026/08/15 11:00:01
2026/08/14,VTS,530110,PIPE,0.000,33.992,85.020,0.000,,,VIC,Iona Hub,530016,2026/08/15 11:00:01
2026/08/14,VTS,530110,PIPE,11.743,0.000,0.000,0.000,,,VIC,Western,590004,2026/08/15 11:00:01
2026/08/14,VTS,530110,PIPE,61.284,0.000,0.000,0.000,,,VIC,Geelong,590005,2026/08/15 11:00:01
2026/08/14,VTS,530110,PIPE,37.948,0.000,0.000,0.000,,,VIC,Ballarat,590006,2026/08/15 11:00:01
2026/08/14,VTS,530110,PIPE,57.976,0.000,0.000,0.000,,,VIC,Northern,590007,2026/08/15 11:00:01
2026/08/14,VTS,530110,PIPE,332.983,0.216,0.000,0.000,,,VIC,Melbourne,590008,2026/08/15 11:00:01
2026/08/14,VTS,530110,PIPE,35.277,0.000,17.443,0.760,,,VIC,Gippsland,590009,2026/08/15 11:00:01
2026/08/14,VTS,530110,PIPE,0.000,0.000,0.000,88.904,,,NSW,Culcairn,590016,2026/08/15 11:00:01
2026/08/14,Wallumbilla Compression Station,544280,COMPRESSOR,0.000,0.000,0.000,0.000,,,QLD,Wallumbilla Hub,540032,2026/08/15 10:39:25
2026/08/14,WCFA,540045,COMPRESSOR,0.000,0.000,211.816,211.816,,,QLD,Wallumbilla Hub,540032,2026/08/15 12:46:30
2026/08/14,WCFB,540046,COMPRESSOR,0.000,0.000,111.454,111.454,,,QLD,Wallumbilla Hub,540032,2026/08/15 12:46:30
2026/08/14,Weddell Power Station,580232,BBGPG,21.140,0.000,0.000,0.000,,,NT,Darwin,580001,2026/08/15 12:46:30
2026/08/14,WGP,540091,PIPE,1464.624,0.000,0.000,0.000,,,QLD,Curtis Island,540030,2026/08/15 10:36:15
2026/08/14,WGP,540091,PIPE,0.000,1391.717,54.739,0.000,,,QLD,Regional - QLD,590001,2026/08/15 10:36:15
2026/08/14,Whyalla Steelworks,555085,BBLARGE,3.312,0.000,0.000,0.000,,,SA,Regional - SA,590013,2026/08/15 11:31:05
2026/08/14,Windibri,540069,PROD,0.000,80.106,0.000,0.000,,,QLD,Regional - QLD,590001,2026/08/15 10:36:15
2026/08/14,Woleebee Creek,540087,PROD,0.000,643.607,0.000,0.000,,,QLD,Regional - QLD,590001,2026/08/15 10:36:15
2026/08/14,WPP,580030,PIPE,21.140,31.137,0.000,9.797,,,NT,Darwin,580001,2026/08/15 12:46:30
2026/08/14,Yarwun,544282,BBGPG,68.448,0.000,0.000,0.000,,,QLD,Regional - QLD,590001,2026/08/15 12:01:06
2026/08/14,Yelcherr,580180,PROD,0.000,0.000,0.000,0.000,,,NT,Regional - NT,590017,2026/08/15 12:46:30
2026/08/14,Yellowbank,540074,PROD,0.000,11.513,0.000,0.000,,,QLD,Regional - QLD,590001,2026/08/15 12:01:06
2026/08/15,Adelaide Brighton,555091,BBLARGE,7.019,0.000,0.000,0.000,,,SA,Adelaide,550016,2026/09/01 13:00:01
2026/08/15,AGP,580010,PIPE,13.750,0.000,14.099,0.000,,,NT,Darwin,580001,2026/08/16 12:47:31
2026/08/15,AGP,580010,PIPE,6.934,31.919,0.000,19.478,,,NT,Regional - NT,590017,2026/08/16 12:47:31
2026/08/15,APLNG Pipeline,540093,PIPE,1677.838,0.000,0.000,0.000,,,QLD,Curtis Island,540030,2026/08/20 11:30:08
2026/08/15,APLNG Pipeline,540093,PIPE,0.000,1330.107,556.185,181.594,,,QLD,Regional - QLD,590001,2026/08/20 11:30:08
2026/08/15,Arcadia,540101,PROD,0.000,92.753,0.000,0.000,,,QLD,Regional - QLD,590001,2026/08/16 10:28:21
2026/08/15,ATGP,640013,PIPE,0.000,43.340,0.000,43.340,,,QLD,Regional - QLD,590001,2026/08/16 12:01:10
2026/08/15,ATHENA,535014,PROD,0.000,16.680,0.000,0.000,,,VIC,Iona Hub,530016,2026/08/20 10:16:09
2026/08/15,Atlas,544261,PROD,0.000,43.340,0.000,0.000,,,QLD,Regional - QLD,590001,2026/08/16 12:01:15
2026/08/15,Atlas East Central Processing Facility,640008,PROD,0.000,31.480,0.000,0.000,,,QLD,Regional - QLD,590001,2026/08/16 10:23:07
2026/08/15,Atlas to Reedy Creek Pipeline,640007,PIPE,0.000,31.484,0.000,30.641,,,QLD,Regional - QLD,590001,2026/08/16 12:47:31
2026/08/15,Australia Pacific LNG,544273,LNGEXPORT,1677.838,0.000,0.000,0.000,,,QLD,Curtis Island,540030,2026/08/16 12:00:25
2026/08/15,Australian Paper (Opal),535021,BBLARGE,10.281,0.000,0.000,0.000,,,VIC,Gippsland,590009,2026/08/16 11:00:01
2026/08/15,B1PL,540077,PIPE,0.038,41.361,0.000,42.885,,,QLD,Regional - QLD,590001,2026/08/16 11:01:13
2026/08/15,B2PL,540071,PIPE,0.000,54.109,3.006,59.742,,,QLD,Regional - QLD,590001,2026/08/16 12:30:05
2026/08/15,Bairnsdale Power Station,535020,BBGPG,0.000,0.000,0.000,0.000,,,VIC,Regional - VIC,590012,2026/08/16 11:01:14
2026/08/15,BCF,540047,COMPRESSOR,0.000,0.000,62.100,62.100,,,QLD,Regional - QLD,590001,2026/08/20 21:48:08
2026/08/15,Bell Bay CCGT,577016,BBGPG,35.773,0.000,0.000,0.000,,,TAS,Regional - TAS,590014,2026/08/17 12:01:00
2026/08/15,Bell Bay GGT,577014,BBGPG,0.120,0.000,0.000,0.000,,,TAS,Regional - TAS,590014,2026/08/17 12:01:00
2026/08/15,Bell Bay OCGT,577015,BBGPG,0.000,0.000,0.000,0.000,,,TAS,Regional - TAS,590014,2026/08/17 12:01:00
2026/08/15,Bellevue,540083,PROD,0.000,155.745,0.000,0.000,,,QLD,Regional - QLD,590001,2026/08/16 10:36:12
2026/08/15,BGP,580020,PIPE,0.303,0.000,0.000,0.000,,,NT,Regional - NT,590017,2026/08/16 12:47:31
2026/08/15,BlueScope,523204,BBLARGE,9.718,0.000,0.000,0.000,,,NSW,Sydney,520008,2026/08/16 12:01:05
2026/08/15,Bolivar,555008,BBGPG,0.000,0.000,0.000,0.000,,,SA,Regional - SA,590013,2026/08/16 12:04:49
2026/08/15,Bomaderry Gas Pipeline,523202,PIPE,22.171,0.000,22.847,0.000,,,NSW,Regional - NSW,590011,2026/08/17 12:33:37
2026/08/15,BPP,530030,PIPE,2.620,19.990,0.000,17.370,,,VIC,Gippsland,590009,2026/08/16 11:00:01
2026/08/15,Braemar 2 Power Station,544085,BBGPG,0.000,0.000,0.000,0.000,,,QLD,Regional - QLD,590001,2026/08/16 12:30:05
2026/08/15,Braemar Power Station,544252,BBGPG,0.038,0.000,0.000,0.000,,,QLD,Regional - QLD,590001,2026/08/16 11:01:13
2026/08/15,BWP,540096,PIPE,0.000,0.000,0.000,15.959,,,QLD,Wallumbilla Hub,540032,2026/08/16 12:47:31
2026/08/15,BWP,540096,PIPE,0.000,14.851,0.000,0.000,,,QLD,Regional - QLD,590001,2026/08/16 12:47:31
2026/08/15,CGP,540059,PIPE,0.000,0.000,62.105,0.000,,,QLD,Ballera,540078,2026/08/16 12:47:31
2026/08/15,CGP,540059,PIPE,67.202,0.000,0.000,0.000,,,QLD,Regional - QLD,590001,2026/08/16 12:47:31
2026/08/15,Channel Island Power Station,580231,BBGPG,13.750,0.000,0.000,0.000,,,NT,Darwin,580001,2026/08/16 12:47:31
2026/08/15,Colongra,523120,BBGPG,0.000,0.000,0.000,0.000,,,NSW,Regional - NSW,590011,2026/08/16 12:00:05
2026/08/15,ColongraGP,520090,PIPE,0.000,0.000,0.000,0.000,,,NSW,Sydney,520008,2026/08/16 12:00:05
2026/08/15,ColongraGP,520090,PIPE,0.000,0.000,0.000,0.000,,,NSW,Regional - NSW,590011,2026/08/16 12:00:05
2026/08/15,Combabula,540094,PROD,0.000,291.994,0.000,0.000,,,QLD,Regional - QLD,590001,2026/08/20 11:30:08
2026/08/15,Condabri Central,540080,PROD,0.000,142.797,0.000,0.000,,,QLD,Regional - QLD,590001,2026/08/20 11:30:08
2026/08/15,Condabri North,540090,PROD,0.000,166.106,0.000,0.000,,,QLD,Regional - QLD,590001,2026/08/20 11:30:08
2026/08/15,Condabri South,540086,PROD,0.000,155.464,0.000,0.000,,,QLD,Regional - QLD,590001,2026/08/20 11:30:08
2026/08/15,Condamine Power Station,544274,BBGPG,0.002,0.000,0.000,0.000,,,QLD,Regional - QLD,590001,2026/08/16 10:35:26
2026/08/15,CRWP,540098,PIPE,0.000,0.000,128.361,0.000,,,QLD,Wallumbilla Hub,540032,2026/08/16 10:28:05
2026/08/15,CRWP,540098,PIPE,0.000,233.904,39.103,412.988,,,QLD,Regional - QLD,590001,2026/08/16 10:28:05
2026/08/15,CWP,520054,PIPE,4.087,0.000,4.271,0.000,,,NSW,Regional - NSW,590011,2026/08/16 12:47:31
2026/08/15,Daandine,540050,PROD,0.000,54.109,0.000,0.000,,,QLD,Regional - QLD,590001,2026/08/16 12:30:05
2026/08/15,Dandenong LNG,530038,STOR,0.000,0.200,0.000,0.000,609.441,27.889,VIC,Melbourne,590008,2026/08/16 12:47:31
2026/08/15,DDP,540097,PIPE,0.000,0.000,0.000,229.345,,,QLD,Wallumbilla Hub,540032,2026/08/16 12:01:09
2026/08/15,DDP,540097,PIPE,0.010,551.453,147.606,474.676,,,QLD,Regional - QLD,590001,2026/08/16 12:01:09
2026/08/15,DDPS,544027,BBGPG,0.010,0.000,0.000,0.000,,,QLD,Regional - QLD,590001,2026/08/16 12:01:09
2026/08/15,Diamantina Power Station,544077,BBGPG,31.066,0.000,0.000,0.000,,,QLD,Regional - QLD,590001,2026/08/16 12:47:31
2026/08/15,Dry Creek Power Station,555026,BBGPG,0.000,0.000,0.000,0.000,,,SA,Regional - SA,590013,2026/08/16 11:31:05
2026/08/15,EGP,520047,PIPE,125.113,0.000,0.000,0.000,,,NSW,Sydney,520008,2026/08/16 12:01:05
2026/08/15,EGP,520047,PIPE,16.695,0.000,0.000,0.000,,,NSW,Canberra,520009,2026/08/16 12:01:05
2026/08/15,EGP,520047,PIPE,0.000,222.328,0.000,82.259,,,VIC,Longford Hub,530015,2026/08/16 12:01:05
2026/08/15,EGP,520047,PIPE,4.921,0.000,0.000,22.847,,,NSW,Regional - NSW,590011,2026/08/16 12:01:05
2026/08/15,EGP,520047,PIPE,0.793,73.415,0.000,0.000,,,VIC,Regional - VIC,590012,2026/08/16 12:01:05
2026/08/15,EO4PL,540055,PIPE,0.000,0.000,0.000,0.000,,,QLD,Regional - QLD,590001,2026/08/16 10:36:12
2026/08/15,Eurombah Creek,540089,PROD,0.000,145.990,0.000,0.000,,,QLD,Regional - QLD,590001,2026/08/20 11:30:08
2026/08/15,Fairview,540070,PROD,0.000,278.673,0.000,0.000,,,QLD,Regional - QLD,590001,2026/08/16 10:28:21
2026/08/15,GLNG (Curtis Island),544276,LNGEXPORT,773.913,0.000,0.000,0.000,,,QLD,Curtis Island,540030,2026/08/16 10:28:05
2026/08/15,GLNG Pipeline,540092,PIPE,773.913,0.000,0.000,0.000,,,QLD,Curtis Island,540030,2026/08/16 10:28:05
2026/08/15,GLNG Pipeline,540092,PIPE,0.000,415.354,412.988,37.837,,,QLD,Regional - QLD,590001,2026/08/16 10:36:12
2026/08/15,Hallett,555029,BBGPG,0.000,0.000,0.000,0.000,,,SA,Regional - SA,590013,2026/08/16 11:31:05
2026/08/15,Hunter Power Station,523210,BBGPG,0.000,0.000,0.000,0.000,,,NSW,Sydney,520008,2026/08/16 12:47:31
2026/08/15,ICF,530071,COMPRESSOR,0.000,0.000,5.000,5.000,,,VIC,Iona Hub,530016,2026/08/16 08:35:03
2026/08/15,Iona UGS,530042,STOR,20.320,43.048,0.000,0.000,13954.636,0.000,VIC,Iona Hub,530016,2026/08/16 08:30:02
2026/08/15,Jeerelang,533161,BBGPG,0.000,0.000,0.000,0.000,,,VIC,Gippsland,590009,2026/08/16 11:00:01
2026/08/15,Jordan,540088,PROD,0.000,333.279,0.000,0.000,,,QLD,Regional - QLD,590001,2026/08/16 10:36:12
2026/08/15,Katherine Power Station,580233,BBGPG,0.000,0.000,0.000,0.000,,,NT,Regional - NT,590017,2026/08/16 12:47:31
2026/08/15,Kenya,540075,PROD,0.000,124.132,0.000,0.000,,,QLD,Regional - QLD,590001,2026/08/16 10:36:12
2026/08/15,Kincora,544253,PROD,0.000,4.000,0.000,0.000,,,QLD,Regional - QLD,590001,2026/08/16 12:47:31
2026/08/15,KKLP,523209,PIPE,0.000,0.000,0.000,0.000,,,NSW,Sydney,520008,2026/08/16 12:47:31
2026/08/15,Kogan North,540061,PROD,0.000,4.006,0.000,0.000,,,QLD,Regional - QLD,590001,2026/08/16 12:47:31
2026/08/15,Ladbroke Grove PS,555086,BBGPG,8.607,0.000,0.000,0.000,,,SA,Regional - SA,590013,2026/08/16 12:47:31
2026/08/15,Lang Lang,530039,PROD,0.000,19.990,0.000,0.000,,,VIC,Gippsland,590009,2026/08/16 08:37:39
2026/08/15,Laverton,533201,BBGPG,0.000,0.000,0.000,0.000,,,VIC,Geelong,590005,2026/08/16 11:00:01
2026/08/15,Longford,530040,PROD,0.000,643.092,0.000,0.000,,,VIC,Longford Hub,530015,2026/08/16 08:16:43
2026/08/15,Loy Yang B,533163,BBGPG,0.000,0.000,0.000,0.000,,,VIC,Gippsland,590009,2026/08/16 11:01:16
2026/08/15,LYB Transmission Pipeline,535023,PIPE,0.000,0.000,0.000,0.000,,,VIC,Gippsland,590009,2026/08/16 11:01:16
2026/08/15,MAPS,550054,PIPE,46.414,0.000,0.000,0.000,,,SA,Adelaide,550016,2026/08/16 11:31:05
2026/08/15,MAPS,550054,PIPE,0.000,37.702,100.483,0.000,,,SA,Moomba Hub,550017,2026/08/16 11:31:05
2026/08/15,MAPS,550054,PIPE,85.917,0.000,10.001,0.000,,,SA,Regional - SA,590013,2026/08/16 11:31:05
2026/08/15,McArthur River Mine,580220,BBGPG,9.497,0.000,0.000,0.000,,,NT,Regional - NT,590017,2026/08/16 09:19:34
2026/08/15,MCF,550050,COMPRESSOR,0.000,0.000,0.000,0.000,,,SA,Moomba Hub,550017,2026/08/16 12:47:31
2026/08/15,Mereenie,580040,PROD,0.000,26.210,0.000,0.000,,,NT,Regional - NT,590017,2026/08/16 11:05:57
2026/08/15,Meridian,540064,PROD,0.000,48.178,0.000,0.000,,,QLD,Regional - QLD,590001,2026/08/16 09:39:13
2026/08/15,Mintaro Power Station,555031,BBGPG,0.000,0.000,0.000,0.000,,,SA,Regional - SA,590013,2026/08/16 11:31:05
2026/08/15,Moomba,550045,PROD,0.000,178.200,0.000,0.000,,,SA,Moomba Hub,550017,2026/08/20 21:48:08
2026/08/15,Moomba Storage,550046,STOR,0.000,0.000,0.000,0.000,6305.600,0.000,SA,Moomba Hub,550017,2026/08/20 21:48:08
2026/08/15,Mortlake PS,530063,BBGPG,0.000,0.000,0.000,0.000,,,VIC,Regional - VIC,590012,2026/08/16 07:20:00
2026/08/15,MPL,530061,PIPE,0.000,0.000,0.060,0.000,,,VIC,Iona Hub,530016,2026/08/16 07:20:00
2026/08/15,MPL,530061,PIPE,0.000,0.000,0.000,0.000,,,VIC,Regional - VIC,590012,2026/08/16 07:20:00
2026/08/15,MRP,580100,PIPE,9.497,0.000,9.498,0.000,,,NT,Regional - NT,590017,2026/08/16 09:19:34
2026/08/15,MSP,520053,PIPE,117.845,0.000,0.000,0.000,,,NSW,Sydney,520008,2026/08/16 12:47:31
2026/08/15,MSP,520053,PIPE,0.000,0.000,83.196,0.000,,,SA,Moomba Hub,550017,2026/08/16 12:47:31
2026/08/15,MSP,520053,PIPE,33.584,0.000,0.000,4.271,,,NSW,Regional - NSW,590011,2026/08/16 12:47:31
2026/08/15,MSP,520053,PIPE,9.774,0.000,0.000,0.000,,,NSW,Regional - ACT,590015,2026/08/16 12:47:31
2026/08/15,MSP,520053,PIPE,0.000,0.000,80.313,0.000,,,NSW,Culcairn,590016,2026/08/16 12:47:31
2026/08/15,Newport,533171,BBGPG,0.004,0.000,0.000,0.000,,,VIC,Melbourne,590008,2026/08/16 11:00:01
2026/08/15,NGP,580050,PIPE,0.000,0.000,0.000,0.000,,,QLD,Regional - QLD,590001,2026/08/16 12:01:13
2026/08/15,NGP,580050,PIPE,0.000,0.000,0.000,0.000,,,NT,Regional - NT,590017,2026/08/16 12:01:13
2026/08/15,NGS,520060,STOR,0.210,0.572,0.000,0.000,675.873,76.810,NSW,Sydney,520008,2026/08/16 08:39:22
2026/08/15,Oakey PS,544095,BBGPG,0.000,0.000,0.000,0.000,,,QLD,Regional - QLD,590001,2026/08/16 12:47:31
2026/08/15,Orana,540084,PROD,0.000,168.451,0.000,0.000,,,QLD,Regional - QLD,590001,2026/08/20 11:30:08
2026/08/15,Orbost,530041,PROD,0.000,73.415,0.000,0.000,,,VIC,Regional - VIC,590012,2026/08/16 12:01:05
2026/08/15,Orica,544011,BBLARGE,9.605,0.000,0.000,0.000,,,QLD,Regional - QLD,590001,2026/08/16 12:01:06
2026/08/15,Orica (Kooragang Island),523206,BBLARGE,39.629,0.000,0.000,0.000,,,NSW,Sydney,520008,2026/08/16 13:00:00
2026/08/15,Osborne,555033,BBGPG,7.405,0.000,0.000,0.000,,,SA,Regional - SA,590013,2026/08/16 11:31:05
2026/08/15,Otway,530044,PROD,0.000,153.690,0.000,0.000,,,VIC,Iona Hub,530016,2026/08/16 08:38:57
2026/08/15,Owen Springs Power Station,580235,BBGPG,1.360,0.000,0.000,0.000,,,NT,Regional - NT,590017,2026/08/16 06:41:49
2026/08/15,Palm Valley,580060,PROD,0.000,5.709,0.000,0.000,,,NT,Regional - NT,590017,2026/08/16 11:05:57
2026/08/15,PCA,550052,PIPE,0.000,10.619,40.262,1.701,,,VIC,Iona Hub,530016,2026/08/16 07:20:01
2026/08/15,PCA,550052,PIPE,6.793,0.000,0.000,0.000,,,SA,Adelaide,550016,2026/08/16 07:20:01
2026/08/15,PCA,550052,PIPE,0.000,0.000,0.000,17.340,,,VIC,Regional - VIC,590012,2026/08/16 07:20:01
2026/08/15,PCA,550052,PIPE,10.274,0.000,0.000,10.016,,,SA,Regional - SA,590013,2026/08/16 07:20:01
2026/08/15,PCI,530060,PIPE,0.000,164.755,1.701,166.456,,,VIC,Iona Hub,530016,2026/08/16 07:20:01
2026/08/15,Peat,540065,PROD,0.000,11.884,0.000,0.000,,,QLD,Regional - QLD,590001,2026/08/20 11:30:08
2026/08/15,Pelican Point Power Station,555089,BBGPG,33.202,0.000,0.000,0.000,,,SA,Regional - SA,590013,2026/08/16 07:20:01
2026/08/15,Phosphate Hill,544081,BBLARGE,25.349,0.000,0.000,0.000,,,QLD,Regional - QLD,590001,2026/08/16 12:47:31
2026/08/15,Pipeline Compression Station,544279,COMPRESSOR,0.000,0.000,0.000,0.000,,,QLD,Regional - QLD,590001,2026/08/16 10:28:05
2026/08/15,PVP,580070,PIPE,1.873,0.000,1.980,0.000,,,NT,Regional - NT,590017,2026/08/16 06:41:49
2026/08/15,QCLNG LNG Plant,544272,LNGEXPORT,1498.556,0.000,0.000,0.000,,,QLD,Curtis Island,540030,2026/08/16 10:36:12
2026/08/15,QGP,540058,PIPE,0.000,0.000,0.000,0.000,,,QLD,Wallumbilla Hub,540032,2026/08/16 12:01:06
2026/08/15,QGP,540058,PIPE,101.145,23.743,76.885,0.000,,,QLD,Regional - QLD,590001,2026/08/16 12:01:06
2026/08/15,Quarantine Power Station,555087,BBGPG,9.993,0.000,0.000,0.000,,,SA,Regional - SA,590013,2026/08/16 11:31:05
2026/08/15,Queensland Aluminia,544012,BBLARGE,24.699,0.000,0.000,0.000,,,QLD,Regional - QLD,590001,2026/08/16 12:01:06
2026/08/15,RBP,540057,PIPE,0.000,0.000,4.078,17.774,,,QLD,Wallumbilla Hub,540032,2026/08/16 12:47:31
2026/08/15,RBP,540057,PIPE,2.734,19.890,50.385,3.006,,,QLD,Regional - QLD,590001,2026/08/16 12:47:31
2026/08/15,RBP,540057,PIPE,39.326,0.000,0.000,0.000,,,QLD,Brisbane,590002,2026/08/16 12:47:31
2026/08/15,RCWP,540102,PIPE,0.000,0.000,13.107,0.000,,,QLD,Wallumbilla Hub,540032,2026/08/16 12:47:31
2026/08/15,RCWP,540102,PIPE,0.000,0.000,30.641,43.671,,,QLD,Regional - QLD,590001,2026/08/16 12:47:31
2026/08/15,Reedy Creek,540085,PROD,0.000,198.866,0.000,0.000,,,QLD,Regional - QLD,590001,2026/08/20 11:30:08
2026/08/15,RMNGPF,640011,PROD,0.000,16.000,0.000,0.000,,,QLD,Regional - QLD,590001,2026/08/16 10:22:51
2026/08/15,RNMGP,640012,PIPE,0.000,16.000,0.000,16.000,,,QLD,Regional - QLD,590001,2026/08/16 10:22:51
2026/08/15,RNP,640009,PIPE,0.000,23.103,0.000,23.103,,,QLD,Regional - QLD,590001,2026/08/16 12:01:08
2026/08/15,Rolleston,540073,PROD,0.000,8.279,0.000,0.000,,,QLD,Regional - QLD,590001,2026/08/16 12:01:06
2026/08/15,Roma,540095,PROD,0.000,233.904,0.000,0.000,,,QLD,Regional - QLD,590001,2026/08/16 10:43:09
2026/08/15,Roma North,544260,PROD,0.000,23.103,0.000,0.000,,,QLD,Regional - QLD,590001,2026/08/16 12:01:14
2026/08/15,Roma Power Station,540120,BBGPG,0.000,0.000,0.000,0.000,,,QLD,Regional - QLD,590001,2026/08/16 11:44:57
2026/08/15,Ron Goodin Power Station,580234,BBGPG,0.000,0.000,0.000,0.000,,,NT,Regional - NT,590017,2026/08/16 06:41:49
2026/08/15,RPL,540110,PIPE,0.055,0.000,0.000,0.000,,,QLD,Regional - QLD,590001,2026/08/16 11:44:57
2026/08/15,Ruby Jo,540082,PROD,0.000,427.438,0.000,0.000,,,QLD,Regional - QLD,590001,2026/08/16 10:36:12
2026/08/15,RUGS,540040,STOR,0.000,3.742,0.000,0.000,15141.594,0.000,QLD,Regional - QLD,590001,2026/08/16 10:43:09
2026/08/15,Scotia,540072,PROD,0.000,85.638,0.000,0.000,,,QLD,Regional - QLD,590001,2026/08/16 10:43:09
2026/08/15,SEPS,550061,PIPE,8.132,0.000,8.164,0.000,,,SA,Regional - SA,590013,2026/08/16 11:32:05
2026/08/15,SESA,550060,PIPE,0.000,0.000,17.338,0.000,,,VIC,Regional - VIC,590012,2026/08/16 12:47:31
2026/08/15,SESA,550060,PIPE,8.607,0.000,0.000,8.168,,,SA,Regional - SA,590013,2026/08/16 12:47:31
2026/08/15,Shoalhaven Starches Cogeneration Plant,523203,BBLARGE,22.171,0.000,0.000,0.000,,,NSW,Regional - NSW,590011,2026/08/17 12:33:37
2026/08/15,Smithfield Energy Facility,522004,BBGPG,0.000,0.000,0.000,0.000,,,NSW,Regional - NSW,590011,2026/08/16 12:04:49
2026/08/15,Snapper Point,555090,BBGPG,0.000,0.000,0.000,0.000,,,SA,Regional - SA,590013,2026/08/16 11:31:05
2026/08/15,Somerton,533174,BBGPG,0.001,0.000,0.000,0.000,,,VIC,Melbourne,590008,2026/08/16 11:00:01
2026/08/15,Spring Gully,540066,PROD,0.000,53.951,0.000,0.000,,,QLD,Regional - QLD,590001,2026/08/20 11:30:08
2026/08/15,SSP,540103,PIPE,0.000,7.500,0.000,7.500,,,QLD,Regional - QLD,590001,2026/08/16 10:31:16
2026/08/15,SSSF,540062,STOR,0.000,5.600,0.000,0.000,8581.622,0.000,QLD,Regional - QLD,590001,2026/08/16 10:31:16
2026/08/15,Strathblane,540067,PROD,0.000,44.075,0.000,0.000,,,QLD,Regional - QLD,590001,2026/08/20 11:30:08
2026/08/15,Swanbank Power Station,544104,BBGPG,0.000,0.000,0.000,0.000,,,QLD,Brisbane,590002,2026/08/16 12:47:31
2026/08/15,SWQP,540060,PIPE,0.000,0.000,260.907,143.375,,,QLD,Wallumbilla Hub,540032,2026/08/16 12:47:31
2026/08/15,SWQP,540060,PIPE,0.000,0.000,0.000,66.962,,,QLD,Ballera,540078,2026/08/16 12:47:31
2026/08/15,SWQP,540060,PIPE,0.000,142.854,0.000,183.679,,,SA,Moomba Hub,550017,2026/08/16 12:47:31
2026/08/15,SWQP,540060,PIPE,0.121,0.000,0.000,0.000,,,QLD,Regional - QLD,590001,2026/08/16 12:47:31
2026/08/15,Talinga,540076,PROD,0.000,82.717,0.000,0.000,,,QLD,Regional - QLD,590001,2026/08/20 11:30:08
2026/08/15,Tallawarra,522002,BBGPG,0.000,0.000,0.000,0.000,,,NSW,Regional - NSW,590011,2026/08/16 11:00:10
2026/08/15,Tallawarra Pipeline,523201,PIPE,0.000,0.000,0.000,0.000,,,NSW,Regional - NSW,590011,2026/08/16 11:00:10
2026/08/15,Taloona,540068,PROD,0.000,40.580,0.000,0.000,,,QLD,Regional - QLD,590001,2026/08/20 11:30:08
2026/08/15,Tanami GP,580210,PIPE,7.811,0.000,8.000,0.000,,,NT,Regional - NT,590017,2026/08/16 12:02:00
2026/08/15,TGP,570050,PIPE,0.000,0.000,77.193,24.459,,,VIC,Longford Hub,530015,2026/08/17 12:01:00
2026/08/15,TGP,570050,PIPE,52.515,0.000,0.000,0.000,,,TAS,Regional - TAS,590014,2026/08/17 12:01:00
2026/08/15,Tipton,540051,PROD,0.000,41.361,0.000,0.000,,,QLD,Regional - QLD,590001,2026/08/16 12:30:05
2026/08/15,Torrens Island PS,555041,BBGPG,27.012,0.000,0.000,0.000,,,SA,Regional - SA,590013,2026/08/16 11:31:05
2026/08/15,Uranquinty Power Station,522047,BBGPG,0.000,0.000,0.000,0.000,,,NSW,Regional - NSW,590011,2026/08/16 12:47:31
2026/08/15,Valley Power GPG,535024,BBGPG,0.000,0.000,0.000,0.000,,,VIC,Gippsland,590009,2026/08/16 11:01:16
2026/08/15,VicHub,532005,PIPE,0.000,0.000,5.067,5.067,,,VIC,Longford Hub,530015,2026/08/16 12:01:16
2026/08/15,Viva Energy Refinery,535018,BBLARGE,10.245,0.000,0.000,0.000,,,VIC,Geelong,590005,2026/08/16 07:30:19
2026/08/15,VTS,530110,PIPE,0.000,418.803,29.533,0.001,,,VIC,Longford Hub,530015,2026/08/16 11:00:01
2026/08/15,VTS,530110,PIPE,0.000,17.656,126.136,0.000,,,VIC,Iona Hub,530016,2026/08/16 11:00:01
2026/08/15,VTS,530110,PIPE,10.828,0.000,0.000,0.000,,,VIC,Western,590004,2026/08/16 11:00:01
2026/08/15,VTS,530110,PIPE,57.188,0.000,0.000,0.000,,,VIC,Geelong,590005,2026/08/16 11:00:01
2026/08/15,VTS,530110,PIPE,38.021,0.000,0.000,0.000,,,VIC,Ballarat,590006,2026/08/16 11:00:01
2026/08/15,VTS,530110,PIPE,55.367,0.000,0.000,0.000,,,VIC,Northern,590007,2026/08/16 11:00:01
2026/08/15,VTS,530110,PIPE,344.261,0.088,0.000,0.000,,,VIC,Melbourne,590008,2026/08/16 11:00:01
2026/08/15,VTS,530110,PIPE,35.703,0.000,17.370,0.000,,,VIC,Gippsland,590009,2026/08/16 11:00:01
2026/08/15,VTS,530110,PIPE,0.000,0.000,0.000,80.312,,,NSW,Culcairn,590016,2026/08/16 11:00:01
2026/08/15,Wallumbilla Compression Station,544280,COMPRESSOR,0.000,0.000,0.000,0.000,,,QLD,Wallumbilla Hub,540032,2026/08/16 10:28:05
2026/08/15,WCFA,540045,COMPRESSOR,0.000,0.000,154.686,154.686,,,QLD,Wallumbilla Hub,540032,2026/08/16 12:47:31
2026/08/15,WCFB,540046,COMPRESSOR,0.000,0.000,94.720,94.720,,,QLD,Wallumbilla Hub,540032,2026/08/16 12:47:31
2026/08/15,Weddell Power Station,580232,BBGPG,17.992,0.000,0.000,0.000,,,NT,Darwin,580001,2026/08/16 12:47:31
2026/08/15,WGP,540091,PIPE,1498.556,0.000,0.000,0.000,,,QLD,Curtis Island,540030,2026/08/16 10:36:12
2026/08/15,WGP,540091,PIPE,0.000,1441.606,59.742,0.000,,,QLD,Regional - QLD,590001,2026/08/16 10:36:12
2026/08/15,Whyalla Steelworks,555085,BBLARGE,3.312,0.000,0.000,0.000,,,SA,Regional - SA,590013,2026/08/16 11:31:05
2026/08/15,Windibri,540069,PROD,0.000,79.691,0.000,0.000,,,QLD,Regional - QLD,590001,2026/08/16 10:36:12
2026/08/15,Woleebee Creek,540087,PROD,0.000,643.793,0.000,0.000,,,QLD,Regional - QLD,590001,2026/08/16 10:36:12
2026/08/15,WPP,580030,PIPE,17.992,32.087,0.000,14.099,,,NT,Darwin,580001,2026/08/16 12:47:31
2026/08/15,Yarwun,544282,BBGPG,50.392,0.000,0.000,0.000,,,QLD,Regional - QLD,590001,2026/08/16 12:01:06
2026/08/15,Yelcherr,580180,PROD,0.000,0.000,0.000,0.000,,,NT,Regional - NT,590017,2026/08/16 12:47:31
2026/08/15,Yellowbank,540074,PROD,0.000,11.214,0.000,0.000,,,QLD,Regional - QLD,590001,2026/08/16 12:01:06
2026/08/16,Adelaide Brighton,555091,BBLARGE,8.225,0.000,0.000,0.000,,,SA,Adelaide,550016,2026/09/01 13:00:01
2026/08/16,AGP,580010,PIPE,14.369,0.000,14.686,0.000,,,NT,Darwin,580001,2026/08/17 12:46:30
2026/08/16,AGP,580010,PIPE,6.704,31.770,0.000,17.636,,,NT,Regional - NT,590017,2026/08/17 12:46:30
2026/08/16,APLNG Pipeline,540093,PIPE,1677.656,0.000,0.000,0.000,,,QLD,Curtis Island,540030,2026/08/21 11:30:07
2026/08/16,APLNG Pipeline,540093,PIPE,0.000,1344.432,539.394,165.628,,,QLD,Regional - QLD,590001,2026/08/21 11:30:07
2026/08/16,Arcadia,540101,PROD,0.000,91.932,0.000,0.000,,,QLD,Regional - QLD,590001,2026/08/17 10:28:13
2026/08/16,ATGP,640013,PIPE,0.000,43.417,0.000,43.417,,,QLD,Regional - QLD,590001,2026/08/17 12:01:10
2026/08/16,ATHENA,535014,PROD,0.000,16.475,0.000,0.000,,,VIC,Iona Hub,530016,2026/08/21 09:58:18
2026/08/16,Atlas,544261,PROD,0.000,43.417,0.000,0.000,,,QLD,Regional - QLD,590001,2026/08/17 12:01:17
2026/08/16,Atlas East Central Processing Facility,640008,PROD,0.000,31.260,0.000,0.000,,,QLD,Regional - QLD,590001,2026/08/17 09:31:37
2026/08/16,Atlas to Reedy Creek Pipeline,640007,PIPE,0.000,31.257,0.000,29.103,,,QLD,Regional - QLD,590001,2026/08/17 12:46:30
2026/08/16,Australia Pacific LNG,544273,LNGEXPORT,1677.656,0.000,0.000,0.000,,,QLD,Curtis Island,540030,2026/08/17 12:00:26
2026/08/16,Australian Paper (Opal),535021,BBLARGE,8.057,0.000,0.000,0.000,,,VIC,Gippsland,590009,2026/08/17 11:00:01
2026/08/16,B1PL,540077,PIPE,0.035,41.419,0.000,40.583,,,QLD,Regional - QLD,590001,2026/08/17 11:00:52
2026/08/16,B2PL,540071,PIPE,0.000,56.872,5.026,59.664,,,QLD,Regional - QLD,590001,2026/08/17 12:30:04
2026/08/16,Bairnsdale Power Station,535020,BBGPG,0.000,0.000,0.000,0.000,,,VIC,Regional - VIC,590012,2026/08/17 11:00:42
2026/08/16,BCF,540047,COMPRESSOR,0.000,0.000,62.400,62.400,,,QLD,Regional - QLD,590001,2026/08/21 13:18:42
2026/08/16,Bell Bay CCGT,577016,BBGPG,32.452,0.000,0.000,0.000,,,TAS,Regional - TAS,590014,2026/08/18 12:01:00
2026/08/16,Bell Bay GGT,577014,BBGPG,0.001,0.000,0.000,0.000,,,TAS,Regional - TAS,590014,2026/08/18 12:01:00
2026/08/16,Bell Bay OCGT,577015,BBGPG,0.000,0.000,0.000,0.000,,,TAS,Regional - TAS,590014,2026/08/18 12:01:00
2026/08/16,Bellevue,540083,PROD,0.000,156.732,0.000,0.000,,,QLD,Regional - QLD,590001,2026/08/17 10:36:13
2026/08/16,BGP,580020,PIPE,0.305,0.000,0.000,0.000,,,NT,Regional - NT,590017,2026/08/17 12:46:30
2026/08/16,BlueScope,523204,BBLARGE,9.804,0.000,0.000,0.000,,,NSW,Sydney,520008,2026/08/17 12:01:05
2026/08/16,Bolivar,555008,BBGPG,0.000,0.000,0.000,0.000,,,SA,Regional - SA,590013,2026/08/17 12:02:48
2026/08/16,Bomaderry Gas Pipeline,523202,PIPE,0.000,0.000,22.171,0.000,,,NSW,Regional - NSW,590011,2026/08/17 12:01:05
2026/08/16,BPP,530030,PIPE,2.510,20.050,0.000,17.542,,,VIC,Gippsland,590009,2026/08/17 11:00:01
2026/08/16,Braemar 2 Power Station,544085,BBGPG,0.000,0.000,0.000,0.000,,,QLD,Regional - QLD,590001,2026/08/17 12:30:04
2026/08/16,Braemar Power Station,544252,BBGPG,0.035,0.000,0.000,0.000,,,QLD,Regional - QLD,590001,2026/08/17 11:00:52
2026/08/16,BWP,540096,PIPE,0.000,0.000,0.000,9.986,,,QLD,Wallumbilla Hub,540032,2026/08/17 12:46:30
2026/08/16,BWP,540096,PIPE,0.000,10.850,0.000,0.000,,,QLD,Regional - QLD,590001,2026/08/17 12:46:30
2026/08/16,CGP,540059,PIPE,0.000,0.000,62.446,0.000,,,QLD,Ballera,540078,2026/08/17 12:46:30
2026/08/16,CGP,540059,PIPE,67.300,0.000,0.000,0.000,,,QLD,Regional - QLD,590001,2026/08/17 12:46:30
2026/08/16,Channel Island Power Station,580231,BBGPG,14.369,0.000,0.000,0.000,,,NT,Darwin,580001,2026/08/17 12:46:30
2026/08/16,Colongra,523120,BBGPG,0.000,0.000,0.000,0.000,,,NSW,Regional - NSW,590011,2026/08/17 12:00:05
2026/08/16,ColongraGP,520090,PIPE,0.000,0.000,0.000,0.000,,,NSW,Sydney,520008,2026/08/17 12:00:05
2026/08/16,ColongraGP,520090,PIPE,0.000,0.000,0.000,0.000,,,NSW,Regional - NSW,590011,2026/08/17 12:00:05
2026/08/16,Combabula,540094,PROD,0.000,292.344,0.000,0.000,,,QLD,Regional - QLD,590001,2026/08/21 11:30:07
2026/08/16,Condabri Central,540080,PROD,0.000,142.467,0.000,0.000,,,QLD,Regional - QLD,590001,2026/08/21 11:30:07
2026/08/16,Condabri North,540090,PROD,0.000,166.370,0.000,0.000,,,QLD,Regional - QLD,590001,2026/08/21 11:30:07
2026/08/16,Condabri South,540086,PROD,0.000,155.520,0.000,0.000,,,QLD,Regional - QLD,590001,2026/08/21 11:30:07
2026/08/16,Condamine Power Station,544274,BBGPG,0.000,0.000,0.000,0.000,,,QLD,Regional - QLD,590001,2026/08/17 10:36:14
2026/08/16,CRWP,540098,PIPE,0.000,0.000,156.819,0.000,,,QLD,Wallumbilla Hub,540032,2026/08/17 10:28:04
2026/08/16,CRWP,540098,PIPE,0.000,232.589,38.976,431.485,,,QLD,Regional - QLD,590001,2026/08/17 10:28:04
2026/08/16,CWP,520054,PIPE,3.698,0.000,4.027,0.000,,,NSW,Regional - NSW,590011,2026/08/17 12:46:30
2026/08/16,Daandine,540050,PROD,0.000,56.868,0.000,0.000,,,QLD,Regional - QLD,590001,2026/08/17 12:30:04
2026/08/16,Dandenong LNG,530038,STOR,0.000,0.202,0.000,0.000,609.280,27.889,VIC,Melbourne,590008,2026/08/17 12:46:30
2026/08/16,DDP,540097,PIPE,0.000,0.000,0.000,208.982,,,QLD,Wallumbilla Hub,540032,2026/08/17 12:01:08
2026/08/16,DDP,540097,PIPE,0.004,521.386,131.972,445.179,,,QLD,Regional - QLD,590001,2026/08/17 12:01:08
2026/08/16,DDPS,544027,BBGPG,0.004,0.000,0.000,0.000,,,QLD,Regional - QLD,590001,2026/08/17 12:01:08
2026/08/16,Diamantina Power Station,544077,BBGPG,30.777,0.000,0.000,0.000,,,QLD,Regional - QLD,590001,2026/08/17 12:46:30
2026/08/16,Dry Creek Power Station,555026,BBGPG,0.000,0.000,0.000,0.000,,,SA,Regional - SA,590013,2026/08/17 11:31:05
2026/08/16,EGP,520047,PIPE,126.051,0.000,0.000,0.000,,,NSW,Sydney,520008,2026/08/17 12:01:05
2026/08/16,EGP,520047,PIPE,16.672,0.000,0.000,0.000,,,NSW,Canberra,520009,2026/08/17 12:01:05
2026/08/16,EGP,520047,PIPE,0.000,196.012,0.000,82.319,,,VIC,Longford Hub,530015,2026/08/17 12:01:05
2026/08/16,EGP,520047,PIPE,5.142,0.000,0.000,22.171,,,NSW,Regional - NSW,590011,2026/08/17 12:01:05
2026/08/16,EGP,520047,PIPE,0.845,73.514,0.000,0.000,,,VIC,Regional - VIC,590012,2026/08/17 12:01:05
2026/08/16,EO4PL,540055,PIPE,0.000,0.000,0.000,0.000,,,QLD,Regional - QLD,590001,2026/08/17 10:36:13
2026/08/16,Eurombah Creek,540089,PROD,0.000,144.594,0.000,0.000,,,QLD,Regional - QLD,590001,2026/08/21 11:30:07
2026/08/16,Fairview,540070,PROD,0.000,278.463,0.000,0.000,,,QLD,Regional - QLD,590001,2026/08/17 10:28:13
2026/08/16,GLNG (Curtis Island),544276,LNGEXPORT,824.004,0.000,0.000,0.000,,,QLD,Curtis Island,540030,2026/08/17 10:28:04
2026/08/16,GLNG Pipeline,540092,PIPE,824.004,0.000,0.000,0.000,,,QLD,Curtis Island,540030,2026/08/17 10:28:04
2026/08/16,GLNG Pipeline,540092,PIPE,0.000,413.912,431.485,30.051,,,QLD,Regional - QLD,590001,2026/08/17 10:36:13
2026/08/16,Hallett,555029,BBGPG,0.000,0.000,0.000,0.000,,,SA,Regional - SA,590013,2026/08/17 11:31:05
2026/08/16,Hunter Power Station,523210,BBGPG,0.000,0.000,0.000,0.000,,,NSW,Sydney,520008,2026/08/17 12:46:30
2026/08/16,ICF,530071,COMPRESSOR,0.000,0.000,7.000,7.000,,,VIC,Iona Hub,530016,2026/08/17 08:35:03
2026/08/16,Iona UGS,530042,STOR,22.820,54.579,0.000,0.000,13922.877,0.000,VIC,Iona Hub,530016,2026/08/17 08:30:02
2026/08/16,Jeerelang,533161,BBGPG,0.000,0.000,0.000,0.000,,,VIC,Gippsland,590009,2026/08/17 11:00:01
2026/08/16,Jordan,540088,PROD,0.000,333.640,0.000,0.000,,,QLD,Regional - QLD,590001,2026/08/17 10:36:13
2026/08/16,Katherine Power Station,580233,BBGPG,0.000,0.000,0.000,0.000,,,NT,Regional - NT,590017,2026/08/17 12:46:30
2026/08/16,Kenya,540075,PROD,0.000,120.602,0.000,0.000,,,QLD,Regional - QLD,590001,2026/08/17 10:36:13
2026/08/16,Kincora,544253,PROD,0.000,4.000,0.000,0.000,,,QLD,Regional - QLD,590001,2026/08/17 12:46:30
2026/08/16,KKLP,523209,PIPE,0.000,0.000,0.000,0.000,,,NSW,Sydney,520008,2026/08/17 12:46:30
2026/08/16,Kogan North,540061,PROD,0.000,4.174,0.000,0.000,,,QLD,Regional - QLD,590001,2026/08/17 12:46:30
2026/08/16,Ladbroke Grove PS,555086,BBGPG,2.322,0.000,0.000,0.000,,,SA,Regional - SA,590013,2026/08/17 12:46:30
2026/08/16,Lang Lang,530039,PROD,0.000,20.050,0.000,0.000,,,VIC,Gippsland,590009,2026/08/17 10:46:59
2026/08/16,Laverton,533201,BBGPG,0.000,0.000,0.000,0.000,,,VIC,Geelong,590005,2026/08/17 11:00:01
2026/08/16,Longford,530040,PROD,0.000,606.496,0.000,0.000,,,VIC,Longford Hub,530015,2026/08/17 08:00:12
2026/08/16,Loy Yang B,533163,BBGPG,0.000,0.000,0.000,0.000,,,VIC,Gippsland,590009,2026/08/17 11:00:51
2026/08/16,LYB Transmission Pipeline,535023,PIPE,0.001,0.000,0.000,0.000,,,VIC,Gippsland,590009,2026/08/17 11:00:51
2026/08/16,MAPS,550054,PIPE,35.558,0.000,0.000,0.000,,,SA,Adelaide,550016,2026/08/17 11:31:05
2026/08/16,MAPS,550054,PIPE,0.000,35.295,45.122,0.000,,,SA,Moomba Hub,550017,2026/08/17 11:31:05
2026/08/16,MAPS,550054,PIPE,48.701,0.000,12.000,0.000,,,SA,Regional - SA,590013,2026/08/17 11:31:05
2026/08/16,McArthur River Mine,580220,BBGPG,9.467,0.000,0.000,0.000,,,NT,Regional - NT,590017,2026/08/17 09:06:17
2026/08/16,MCF,550050,COMPRESSOR,0.000,0.000,0.000,0.000,,,SA,Moomba Hub,550017,2026/08/17 12:46:30
2026/08/16,Mereenie,580040,PROD,0.000,26.073,0.000,0.000,,,NT,Regional - NT,590017,2026/08/17 11:48:37
2026/08/16,Meridian,540064,PROD,0.000,47.767,0.000,0.000,,,QLD,Regional - QLD,590001,2026/08/17 09:39:15
2026/08/16,Mintaro Power Station,555031,BBGPG,0.000,0.000,0.000,0.000,,,SA,Regional - SA,590013,2026/08/17 11:31:05
2026/08/16,Moomba,550045,PROD,0.000,182.000,0.000,0.000,,,SA,Moomba Hub,550017,2026/08/21 13:18:42
2026/08/16,Moomba Storage,550046,STOR,0.000,0.000,0.000,0.000,6305.600,0.000,SA,Moomba Hub,550017,2026/08/21 13:18:42
2026/08/16,Mortlake PS,530063,BBGPG,0.000,0.000,0.000,0.000,,,VIC,Regional - VIC,590012,2026/08/17 07:20:00
2026/08/16,MPL,530061,PIPE,0.000,0.000,0.000,0.000,,,VIC,Iona Hub,530016,2026/08/17 07:20:00
2026/08/16,MPL,530061,PIPE,0.000,0.000,0.000,0.000,,,VIC,Regional - VIC,590012,2026/08/17 07:20:00
2026/08/16,MRP,580100,PIPE,9.467,0.000,9.468,0.000,,,NT,Regional - NT,590017,2026/08/17 09:06:17
2026/08/16,MSP,520053,PIPE,112.640,0.000,0.000,0.000,,,NSW,Sydney,520008,2026/08/17 12:46:30
2026/08/16,MSP,520053,PIPE,0.000,0.000,120.628,0.000,,,SA,Moomba Hub,550017,2026/08/17 12:46:30
2026/08/16,MSP,520053,PIPE,33.444,0.000,0.000,4.027,,,NSW,Regional - NSW,590011,2026/08/17 12:46:30
2026/08/16,MSP,520053,PIPE,8.983,0.000,0.000,0.000,,,NSW,Regional - ACT,590015,2026/08/17 12:46:30
2026/08/16,MSP,520053,PIPE,0.000,0.000,64.707,0.000,,,NSW,Culcairn,590016,2026/08/17 12:46:30
2026/08/16,Newport,533171,BBGPG,0.005,0.000,0.000,0.000,,,VIC,Melbourne,590008,2026/08/17 11:00:01
2026/08/16,NGP,580050,PIPE,0.000,0.000,0.000,0.000,,,QLD,Regional - QLD,590001,2026/08/17 12:01:14
2026/08/16,NGP,580050,PIPE,0.000,0.000,0.000,0.000,,,NT,Regional - NT,590017,2026/08/17 12:01:14
2026/08/16,NGS,520060,STOR,0.220,0.592,0.000,0.000,675.482,76.793,NSW,Sydney,520008,2026/08/17 10:18:02
2026/08/16,Oakey PS,544095,BBGPG,0.000,0.000,0.000,0.000,,,QLD,Regional - QLD,590001,2026/08/17 12:46:30
2026/08/16,Orana,540084,PROD,0.000,168.530,0.000,0.000,,,QLD,Regional - QLD,590001,2026/08/21 11:30:07
2026/08/16,Orbost,530041,PROD,0.000,73.514,0.000,0.000,,,VIC,Regional - VIC,590012,2026/08/17 12:01:05
2026/08/16,Orica,544011,BBLARGE,9.738,0.000,0.000,0.000,,,QLD,Regional - QLD,590001,2026/08/17 12:01:06
2026/08/16,Orica (Kooragang Island),523206,BBLARGE,39.203,0.000,0.000,0.000,,,NSW,Sydney,520008,2026/08/17 13:00:00
2026/08/16,Osborne,555033,BBGPG,0.000,0.000,0.000,0.000,,,SA,Regional - SA,590013,2026/08/17 11:31:05
2026/08/16,Otway,530044,PROD,0.000,150.169,0.000,0.000,,,VIC,Iona Hub,530016,2026/08/17 10:44:47
2026/08/16,Owen Springs Power Station,580235,BBGPG,0.567,0.000,0.000,0.000,,,NT,Regional - NT,590017,2026/08/17 06:41:09
2026/08/16,Palm Valley,580060,PROD,0.000,5.697,0.000,0.000,,,NT,Regional - NT,590017,2026/08/17 11:48:37
2026/08/16,PCA,550052,PIPE,0.000,9.694,30.934,1.355,,,VIC,Iona Hub,530016,2026/08/17 07:20:01
2026/08/16,PCA,550052,PIPE,19.370,0.000,0.000,0.000,,,SA,Adelaide,550016,2026/08/17 07:20:01
2026/08/16,PCA,550052,PIPE,0.000,0.000,0.000,9.430,,,VIC,Regional - VIC,590012,2026/08/17 07:20:01
2026/08/16,PCA,550052,PIPE,0.330,0.000,0.000,11.999,,,SA,Regional - SA,590013,2026/08/17 07:20:01
2026/08/16,PCI,530060,PIPE,0.000,160.936,1.355,162.291,,,VIC,Iona Hub,530016,2026/08/17 07:20:01
2026/08/16,Peat,540065,PROD,0.000,11.893,0.000,0.000,,,QLD,Regional - QLD,590001,2026/08/21 11:30:07
2026/08/16,Pelican Point Power Station,555089,BBGPG,18.055,0.000,0.000,0.000,,,SA,Regional - SA,590013,2026/08/17 07:20:01
2026/08/16,Phosphate Hill,544081,BBLARGE,26.322,0.000,0.000,0.000,,,QLD,Regional - QLD,590001,2026/08/17 12:46:30
2026/08/16,Pipeline Compression Station,544279,COMPRESSOR,0.000,0.000,0.000,0.000,,,QLD,Regional - QLD,590001,2026/08/17 10:28:04
2026/08/16,PVP,580070,PIPE,1.037,0.000,1.168,0.000,,,NT,Regional - NT,590017,2026/08/17 06:41:09
2026/08/16,QCLNG LNG Plant,544272,LNGEXPORT,1507.277,0.000,0.000,0.000,,,QLD,Curtis Island,540030,2026/08/17 10:36:13
2026/08/16,QGP,540058,PIPE,0.000,0.000,4.218,0.000,,,QLD,Wallumbilla Hub,540032,2026/08/17 12:01:06
2026/08/16,QGP,540058,PIPE,105.071,24.160,76.886,0.000,,,QLD,Regional - QLD,590001,2026/08/17 12:01:06
2026/08/16,Quarantine Power Station,555087,BBGPG,0.000,0.000,0.000,0.000,,,SA,Regional - SA,590013,2026/08/17 11:31:05
2026/08/16,Queensland Aluminia,544012,BBLARGE,27.826,0.000,0.000,0.000,,,QLD,Regional - QLD,590001,2026/08/17 12:01:06
2026/08/16,RBP,540057,PIPE,0.000,0.000,0.871,23.750,,,QLD,Wallumbilla Hub,540032,2026/08/17 12:46:30
2026/08/16,RBP,540057,PIPE,2.337,20.067,48.083,5.026,,,QLD,Regional - QLD,590001,2026/08/17 12:46:30
2026/08/16,RBP,540057,PIPE,39.982,0.000,0.000,0.000,,,QLD,Brisbane,590002,2026/08/17 12:46:30
2026/08/16,RCWP,540102,PIPE,0.000,0.000,35.835,0.000,,,QLD,Wallumbilla Hub,540032,2026/08/17 12:46:30
2026/08/16,RCWP,540102,PIPE,0.000,0.000,29.103,64.164,,,QLD,Regional - QLD,590001,2026/08/17 12:46:30
2026/08/16,Reedy Creek,540085,PROD,0.000,198.528,0.000,0.000,,,QLD,Regional - QLD,590001,2026/08/21 11:30:07
2026/08/16,RMNGPF,640011,PROD,0.000,15.990,0.000,0.000,,,QLD,Regional - QLD,590001,2026/08/17 09:33:28
2026/08/16,RNMGP,640012,PIPE,0.000,15.990,0.000,15.990,,,QLD,Regional - QLD,590001,2026/08/17 09:33:28
2026/08/16,RNP,640009,PIPE,0.000,22.986,0.000,22.986,,,QLD,Regional - QLD,590001,2026/08/17 12:01:07
2026/08/16,Rolleston,540073,PROD,0.000,8.786,0.000,0.000,,,QLD,Regional - QLD,590001,2026/08/17 12:01:06
2026/08/16,Roma,540095,PROD,0.000,232.589,0.000,0.000,,,QLD,Regional - QLD,590001,2026/08/17 10:28:26
2026/08/16,Roma North,544260,PROD,0.000,22.986,0.000,0.000,,,QLD,Regional - QLD,590001,2026/08/17 12:01:15
2026/08/16,Roma Power Station,540120,BBGPG,0.000,0.000,0.000,0.000,,,QLD,Regional - QLD,590001,2026/08/17 13:06:58
2026/08/16,Ron Goodin Power Station,580234,BBGPG,0.000,0.000,0.000,0.000,,,NT,Regional - NT,590017,2026/08/17 06:41:09
2026/08/16,RPL,540110,PIPE,0.051,0.000,0.000,0.000,,,QLD,Regional - QLD,590001,2026/08/17 13:06:58
2026/08/16,Ruby Jo,540082,PROD,0.000,424.972,0.000,0.000,,,QLD,Regional - QLD,590001,2026/08/17 10:36:13
2026/08/16,RUGS,540040,STOR,0.000,0.000,0.000,0.000,15145.336,0.000,QLD,Regional - QLD,590001,2026/08/17 10:28:26
2026/08/16,Scotia,540072,PROD,0.000,99.527,0.000,0.000,,,QLD,Regional - QLD,590001,2026/08/17 10:28:26
2026/08/16,SEPS,550061,PIPE,7.136,0.000,7.142,0.000,,,SA,Regional - SA,590013,2026/08/17 11:32:05
2026/08/16,SESA,550060,PIPE,0.000,0.000,9.428,0.000,,,VIC,Regional - VIC,590012,2026/08/17 12:46:30
2026/08/16,SESA,550060,PIPE,2.322,0.000,0.000,7.147,,,SA,Regional - SA,590013,2026/08/17 12:46:30
2026/08/16,Smithfield Energy Facility,522004,BBGPG,0.000,0.000,0.000,0.000,,,NSW,Regional - NSW,590011,2026/08/17 12:02:48
2026/08/16,Snapper Point,555090,BBGPG,0.000,0.000,0.000,0.000,,,SA,Regional - SA,590013,2026/08/17 11:31:05
2026/08/16,Somerton,533174,BBGPG,0.001,0.000,0.000,0.000,,,VIC,Melbourne,590008,2026/08/17 11:00:01
2026/08/16,Spring Gully,540066,PROD,0.000,54.070,0.000,0.000,,,QLD,Regional - QLD,590001,2026/08/21 11:30:07
2026/08/16,SSP,540103,PIPE,0.000,5.430,0.000,5.430,,,QLD,Regional - QLD,590001,2026/08/17 08:28:40
2026/08/16,SSSF,540062,STOR,0.000,6.300,0.000,0.000,8576.192,0.000,QLD,Regional - QLD,590001,2026/08/17 08:28:40
2026/08/16,Strathblane,540067,PROD,0.000,45.771,0.000,0.000,,,QLD,Regional - QLD,590001,2026/08/21 11:30:07
2026/08/16,Swanbank Power Station,544104,BBGPG,0.000,0.000,0.000,0.000,,,QLD,Brisbane,590002,2026/08/17 12:46:30
2026/08/16,SWQP,540060,PIPE,0.000,0.000,241.847,196.872,,,QLD,Wallumbilla Hub,540032,2026/08/17 12:46:30
2026/08/16,SWQP,540060,PIPE,0.000,0.000,0.000,67.239,,,QLD,Ballera,540078,2026/08/17 12:46:30
2026/08/16,SWQP,540060,PIPE,0.000,146.749,0.000,165.750,,,SA,Moomba Hub,550017,2026/08/17 12:46:30
2026/08/16,SWQP,540060,PIPE,0.119,0.000,0.000,0.000,,,QLD,Regional - QLD,590001,2026/08/17 12:46:30
2026/08/16,Talinga,540076,PROD,0.000,82.377,0.000,0.000,,,QLD,Regional - QLD,590001,2026/08/21 11:30:07
2026/08/16,Tallawarra,522002,BBGPG,0.000,0.000,0.000,0.000,,,NSW,Regional - NSW,590011,2026/08/17 11:00:04
2026/08/16,Tallawarra Pipeline,523201,PIPE,0.000,0.000,0.000,0.000,,,NSW,Regional - NSW,590011,2026/08/17 11:00:04
2026/08/16,Taloona,540068,PROD,0.000,40.930,0.000,0.000,,,QLD,Regional - QLD,590001,2026/08/21 11:30:07
2026/08/16,Tanami GP,580210,PIPE,7.402,0.000,7.000,0.000,,,NT,Regional - NT,590017,2026/08/17 12:02:00
2026/08/16,TGP,570050,PIPE,0.000,0.000,61.430,18.986,,,VIC,Longford Hub,530015,2026/08/18 12:01:00
2026/08/16,TGP,570050,PIPE,49.109,0.000,0.000,0.000,,,TAS,Regional - TAS,590014,2026/08/18 12:01:00
2026/08/16,Tipton,540051,PROD,0.000,41.420,0.000,0.000,,,QLD,Regional - QLD,590001,2026/08/17 12:30:04
2026/08/16,Torrens Island PS,555041,BBGPG,12.463,0.000,0.000,0.000,,,SA,Regional - SA,590013,2026/08/17 11:31:05
2026/08/16,Uranquinty Power Station,522047,BBGPG,0.000,0.000,0.000,0.000,,,NSW,Regional - NSW,590011,2026/08/17 12:46:30
2026/08/16,Valley Power GPG,535024,BBGPG,0.001,0.000,0.000,0.000,,,VIC,Gippsland,590009,2026/08/17 11:00:51
2026/08/16,VicHub,532005,PIPE,0.000,0.000,20.882,20.882,,,VIC,Longford Hub,530015,2026/08/17 12:01:18
2026/08/16,Viva Energy Refinery,535018,BBLARGE,7.228,0.000,0.000,0.000,,,VIC,Geelong,590005,2026/08/17 07:30:13
2026/08/16,VTS,530110,PIPE,0.000,408.872,39.879,0.001,,,VIC,Longford Hub,530015,2026/08/17 11:00:01
2026/08/16,VTS,530110,PIPE,0.000,28.232,131.360,0.000,,,VIC,Iona Hub,530016,2026/08/17 11:00:01
2026/08/16,VTS,530110,PIPE,10.766,0.000,0.000,0.000,,,VIC,Western,590004,2026/08/17 11:00:01
2026/08/16,VTS,530110,PIPE,53.644,0.000,0.000,0.000,,,VIC,Geelong,590005,2026/08/17 11:00:01
2026/08/16,VTS,530110,PIPE,36.145,0.000,0.000,0.000,,,VIC,Ballarat,590006,2026/08/17 11:00:01
2026/08/16,VTS,530110,PIPE,51.444,0.000,0.000,0.000,,,VIC,Northern,590007,2026/08/17 11:00:01
2026/08/16,VTS,530110,PIPE,348.607,0.109,0.000,0.000,,,VIC,Melbourne,590008,2026/08/17 11:00:01
2026/08/16,VTS,530110,PIPE,36.651,0.000,17.542,0.000,,,VIC,Gippsland,590009,2026/08/17 11:00:01
2026/08/16,VTS,530110,PIPE,0.000,0.000,0.000,64.706,,,NSW,Culcairn,590016,2026/08/17 11:00:01
2026/08/16,Wallumbilla Compression Station,544280,COMPRESSOR,0.000,0.000,0.000,0.000,,,QLD,Wallumbilla Hub,540032,2026/08/17 10:28:04
2026/08/16,WCFA,540045,COMPRESSOR,0.000,0.000,96.974,96.974,,,QLD,Wallumbilla Hub,540032,2026/08/17 12:46:30
2026/08/16,WCFB,540046,COMPRESSOR,0.000,0.000,128.219,128.219,,,QLD,Wallumbilla Hub,540032,2026/08/17 12:46:30
2026/08/16,Weddell Power Station,580232,BBGPG,17.817,0.000,0.000,0.000,,,NT,Darwin,580001,2026/08/17 12:46:30
2026/08/16,WGP,540091,PIPE,1507.277,0.000,0.000,0.000,,,QLD,Curtis Island,540030,2026/08/17 10:36:13
2026/08/16,WGP,540091,PIPE,0.000,1462.416,59.664,0.000,,,QLD,Regional - QLD,590001,2026/08/17 10:36:13
2026/08/16,Whyalla Steelworks,555085,BBLARGE,2.979,0.000,0.000,0.000,,,SA,Regional - SA,590013,2026/08/17 11:31:05
2026/08/16,Windibri,540069,PROD,0.000,80.716,0.000,0.000,,,QLD,Regional - QLD,590001,2026/08/17 10:36:13
2026/08/16,Woleebee Creek,540087,PROD,0.000,634.080,0.000,0.000,,,QLD,Regional - QLD,590001,2026/08/17 10:36:13
2026/08/16,WPP,580030,PIPE,17.817,32.511,0.000,14.686,,,NT,Darwin,580001,2026/08/17 12:46:30
2026/08/16,Yarwun,544282,BBGPG,51.811,0.000,0.000,0.000,,,QLD,Regional - QLD,590001,2026/08/17 12:01:06
2026/08/16,Yelcherr,580180,PROD,0.000,0.000,0.000,0.000,,,NT,Regional - NT,590017,2026/08/17 12:46:30
2026/08/16,Yellowbank,540074,PROD,0.000,11.124,0.000,0.000,,,QLD,Regional - QLD,590001,2026/08/17 12:01:06
2026/08/17,Adelaide Brighton,555091,BBLARGE,5.334,0.000,0.000,0.000,,,SA,Adelaide,550016,2026/09/01 13:00:01
2026/08/17,AGP,580010,PIPE,15.029,0.000,15.097,0.000,,,NT,Darwin,580001,2026/08/18 12:47:30
2026/08/17,AGP,580010,PIPE,7.081,31.750,0.000,17.789,,,NT,Regional - NT,590017,2026/08/18 12:47:30
2026/08/17,APLNG Pipeline,540093,PIPE,1677.628,0.000,0.000,0.000,,,QLD,Curtis Island,540030,2026/08/22 11:30:27
2026/08/17,APLNG Pipeline,540093,PIPE,0.000,1344.326,471.970,139.073,,,QLD,Regional - QLD,590001,2026/08/22 11:30:27
2026/08/17,Arcadia,540101,PROD,0.000,92.528,0.000,0.000,,,QLD,Regional - QLD,590001,2026/08/18 10:58:25
2026/08/17,ATGP,640013,PIPE,0.000,43.433,0.000,43.433,,,QLD,Regional - QLD,590001,2026/08/18 12:01:12
2026/08/17,ATHENA,535014,PROD,0.000,17.288,0.000,0.000,,,VIC,Iona Hub,530016,2026/08/22 10:15:06
2026/08/17,Atlas,544261,PROD,0.000,43.433,0.000,0.000,,,QLD,Regional - QLD,590001,2026/08/18 12:01:20
2026/08/17,Atlas East Central Processing Facility,640008,PROD,0.000,31.330,0.000,0.000,,,QLD,Regional - QLD,590001,2026/08/18 10:37:04
2026/08/17,Atlas to Reedy Creek Pipeline,640007,PIPE,0.000,31.333,0.000,30.699,,,QLD,Regional - QLD,590001,2026/08/18 12:47:30
2026/08/17,Australia Pacific LNG,544273,LNGEXPORT,1677.629,0.000,0.000,0.000,,,QLD,Curtis Island,540030,2026/08/18 12:00:25
2026/08/17,Australian Paper (Opal),535021,BBLARGE,9.027,0.000,0.000,0.000,,,VIC,Gippsland,590009,2026/08/18 11:00:07
2026/08/17,B1PL,540077,PIPE,0.032,41.406,0.000,38.133,,,QLD,Regional - QLD,590001,2026/08/18 11:00:49
2026/08/17,B2PL,540071,PIPE,0.000,54.831,7.501,56.687,,,QLD,Regional - QLD,590001,2026/08/18 10:18:51
2026/08/17,Bairnsdale Power Station,535020,BBGPG,0.000,0.000,0.000,0.000,,,VIC,Regional - VIC,590012,2026/08/18 11:00:46
2026/08/17,BCF,540047,COMPRESSOR,0.000,0.000,75.200,75.200,,,QLD,Regional - QLD,590001,2026/08/23 13:17:49
2026/08/17,Bell Bay CCGT,577016,BBGPG,30.546,0.000,0.000,0.000,,,TAS,Regional - TAS,590014,2026/08/19 12:01:00
2026/08/17,Bell Bay GGT,577014,BBGPG,0.000,0.000,0.000,0.000,,,TAS,Regional - TAS,590014,2026/08/19 12:01:00
2026/08/17,Bell Bay OCGT,577015,BBGPG,0.001,0.000,0.000,0.000,,,TAS,Regional - TAS,590014,2026/08/19 12:01:00
2026/08/17,Bellevue,540083,PROD,0.000,155.652,0.000,0.000,,,QLD,Regional - QLD,590001,2026/08/18 10:36:22
2026/08/17,BGP,580020,PIPE,0.306,0.000,0.000,0.000,,,NT,Regional - NT,590017,2026/08/18 12:47:30
2026/08/17,BlueScope,523204,BBLARGE,10.730,0.000,0.000,0.000,,,NSW,Sydney,520008,2026/08/18 12:01:05
2026/08/17,Bolivar,555008,BBGPG,0.000,0.000,0.000,0.000,,,SA,Regional - SA,590013,2026/08/18 12:02:58
2026/08/17,Bomaderry Gas Pipeline,523202,PIPE,22.069,0.000,22.069,0.000,,,NSW,Regional - NSW,590011,2026/08/18 13:25:53
2026/08/17,BPP,530030,PIPE,2.080,20.010,0.000,17.927,,,VIC,Gippsland,590009,2026/08/18 11:00:07
2026/08/17,Braemar 2 Power Station,544085,BBGPG,0.000,0.000,0.000,0.000,,,QLD,Regional - QLD,590001,2026/08/18 10:18:51
2026/08/17,Braemar Power Station,544252,BBGPG,0.032,0.000,0.000,0.000,,,QLD,Regional - QLD,590001,2026/08/18 11:00:49
2026/08/17,BWP,540096,PIPE,0.000,0.000,0.000,36.711,,,QLD,Wallumbilla Hub,540032,2026/08/18 12:47:30
2026/08/17,BWP,540096,PIPE,0.000,36.850,0.000,0.000,,,QLD,Regional - QLD,590001,2026/08/18 12:47:30
2026/08/17,CGP,540059,PIPE,0.000,0.000,75.212,0.000,,,QLD,Ballera,540078,2026/08/18 12:47:30
2026/08/17,CGP,540059,PIPE,66.573,0.000,0.000,0.000,,,QLD,Regional - QLD,590001,2026/08/18 12:47:30
2026/08/17,Channel Island Power Station,580231,BBGPG,15.029,0.000,0.000,0.000,,,NT,Darwin,580001,2026/08/18 12:47:30
2026/08/17,Colongra,523120,BBGPG,0.007,0.000,0.000,0.000,,,NSW,Regional - NSW,590011,2026/08/18 12:00:05
2026/08/17,ColongraGP,520090,PIPE,0.000,0.000,0.000,0.000,,,NSW,Sydney,520008,2026/08/18 12:00:05
2026/08/17,ColongraGP,520090,PIPE,0.007,0.000,0.000,0.000,,,NSW,Regional - NSW,590011,2026/08/18 12:00:05
2026/08/17,Combabula,540094,PROD,0.000,292.836,0.000,0.000,,,QLD,Regional - QLD,590001,2026/08/22 11:30:27
2026/08/17,Condabri Central,540080,PROD,0.000,141.823,0.000,0.000,,,QLD,Regional - QLD,590001,2026/08/22 11:30:27
2026/08/17,Condabri North,540090,PROD,0.000,166.456,0.000,0.000,,,QLD,Regional - QLD,590001,2026/08/22 11:30:27
2026/08/17,Condabri South,540086,PROD,0.000,155.645,0.000,0.000,,,QLD,Regional - QLD,590001,2026/08/22 11:30:27
2026/08/17,Condamine Power Station,544274,BBGPG,0.000,0.000,0.000,0.000,,,QLD,Regional - QLD,590001,2026/08/18 10:35:36
2026/08/17,CRWP,540098,PIPE,0.000,0.000,158.855,0.000,,,QLD,Wallumbilla Hub,540032,2026/08/18 10:58:08
2026/08/17,CRWP,540098,PIPE,0.000,234.313,38.902,437.260,,,QLD,Regional - QLD,590001,2026/08/18 10:58:08
2026/08/17,CWP,520054,PIPE,4.933,0.000,5.161,0.000,,,NSW,Regional - NSW,590011,2026/08/18 12:47:30
2026/08/17,Daandine,540050,PROD,0.000,54.831,0.000,0.000,,,QLD,Regional - QLD,590001,2026/08/18 10:18:51
2026/08/17,Dandenong LNG,530038,STOR,0.000,0.271,0.000,0.000,609.022,27.889,VIC,Melbourne,590008,2026/08/18 12:47:30
2026/08/17,DDP,540097,PIPE,0.000,0.000,0.000,183.693,,,QLD,Wallumbilla Hub,540032,2026/08/18 12:01:10
2026/08/17,DDP,540097,PIPE,0.003,488.992,105.371,413.538,,,QLD,Regional - QLD,590001,2026/08/18 12:01:10
2026/08/17,DDPS,544027,BBGPG,0.003,0.000,0.000,0.000,,,QLD,Regional - QLD,590001,2026/08/18 12:01:10
2026/08/17,Diamantina Power Station,544077,BBGPG,31.355,0.000,0.000,0.000,,,QLD,Regional - QLD,590001,2026/08/18 12:47:30
2026/08/17,Dry Creek Power Station,555026,BBGPG,0.000,0.000,0.000,0.000,,,SA,Regional - SA,590013,2026/08/18 11:31:05
2026/08/17,EGP,520047,PIPE,126.266,0.000,0.000,0.000,,,NSW,Sydney,520008,2026/08/18 12:01:05
2026/08/17,EGP,520047,PIPE,16.673,0.000,0.000,0.000,,,NSW,Canberra,520009,2026/08/18 12:01:05
2026/08/17,EGP,520047,PIPE,0.000,191.754,0.000,83.517,,,VIC,Longford Hub,530015,2026/08/18 12:01:05
2026/08/17,EGP,520047,PIPE,5.425,0.000,0.000,22.069,,,NSW,Regional - NSW,590011,2026/08/18 12:01:05
2026/08/17,EGP,520047,PIPE,1.002,72.490,0.000,0.000,,,VIC,Regional - VIC,590012,2026/08/18 12:01:05
2026/08/17,EO4PL,540055,PIPE,0.000,0.000,0.000,0.000,,,QLD,Regional - QLD,590001,2026/08/18 10:36:22
2026/08/17,Eurombah Creek,540089,PROD,0.000,143.528,0.000,0.000,,,QLD,Regional - QLD,590001,2026/08/22 11:30:27
2026/08/17,Fairview,540070,PROD,0.000,277.740,0.000,0.000,,,QLD,Regional - QLD,590001,2026/08/18 10:58:25
2026/08/17,GLNG (Curtis Island),544276,LNGEXPORT,822.868,0.000,0.000,0.000,,,QLD,Curtis Island,540030,2026/08/18 10:58:08
2026/08/17,GLNG Pipeline,540092,PIPE,822.868,0.000,0.000,0.000,,,QLD,Curtis Island,540030,2026/08/18 10:58:08
2026/08/17,GLNG Pipeline,540092,PIPE,0.000,414.312,437.260,29.451,,,QLD,Regional - QLD,590001,2026/08/18 10:36:22
2026/08/17,Hallett,555029,BBGPG,0.000,0.000,0.000,0.000,,,SA,Regional - SA,590013,2026/08/18 11:31:05
2026/08/17,Hunter Power Station,523210,BBGPG,0.000,0.000,0.000,0.000,,,NSW,Sydney,520008,2026/08/18 12:47:30
2026/08/17,ICF,530071,COMPRESSOR,0.000,0.000,2.700,2.700,,,VIC,Iona Hub,530016,2026/08/18 08:35:03
2026/08/17,Iona UGS,530042,STOR,2.700,107.933,0.000,0.000,13817.644,0.000,VIC,Iona Hub,530016,2026/08/18 08:30:02
2026/08/17,Jeerelang,533161,BBGPG,0.000,0.000,0.000,0.000,,,VIC,Gippsland,590009,2026/08/18 11:00:07
2026/08/17,Jordan,540088,PROD,0.000,332.013,0.000,0.000,,,QLD,Regional - QLD,590001,2026/08/18 10:36:22
2026/08/17,Katherine Power Station,580233,BBGPG,0.000,0.000,0.000,0.000,,,NT,Regional - NT,590017,2026/08/18 12:47:30
2026/08/17,Kenya,540075,PROD,0.000,121.025,0.000,0.000,,,QLD,Regional - QLD,590001,2026/08/18 10:36:22
2026/08/17,Kincora,544253,PROD,0.000,4.000,0.000,0.000,,,QLD,Regional - QLD,590001,2026/08/18 12:47:30
2026/08/17,KKLP,523209,PIPE,0.000,0.000,0.000,0.000,,,NSW,Sydney,520008,2026/08/18 12:47:30
2026/08/17,Kogan North,540061,PROD,0.000,4.171,0.000,0.000,,,QLD,Regional - QLD,590001,2026/08/18 12:47:30
2026/08/17,Ladbroke Grove PS,555086,BBGPG,0.000,0.000,0.000,0.000,,,SA,Regional - SA,590013,2026/08/18 12:47:30
2026/08/17,Lang Lang,530039,PROD,0.000,20.010,0.000,0.000,,,VIC,Gippsland,590009,2026/08/18 10:28:47
2026/08/17,Laverton,533201,BBGPG,0.000,0.000,0.000,0.000,,,VIC,Geelong,590005,2026/08/18 11:00:07
2026/08/17,Longford,530040,PROD,0.000,606.426,0.000,0.000,,,VIC,Longford Hub,530015,2026/08/18 07:41:29
2026/08/17,Loy Yang B,533163,BBGPG,0.000,0.000,0.000,0.000,,,VIC,Gippsland,590009,2026/08/18 11:00:45
2026/08/17,LYB Transmission Pipeline,535023,PIPE,0.000,0.000,0.000,0.000,,,VIC,Gippsland,590009,2026/08/18 11:00:45
2026/08/17,MAPS,550054,PIPE,40.868,0.000,0.000,0.000,,,SA,Adelaide,550016,2026/08/18 11:31:05
2026/08/17,MAPS,550054,PIPE,0.000,34.560,26.257,0.000,,,SA,Moomba Hub,550017,2026/08/18 11:31:05
2026/08/17,MAPS,550054,PIPE,43.512,0.000,15.000,0.000,,,SA,Regional - SA,590013,2026/08/18 11:31:05
2026/08/17,McArthur River Mine,580220,BBGPG,9.229,0.000,0.000,0.000,,,NT,Regional - NT,590017,2026/08/18 08:58:52
2026/08/17,MCF,550050,COMPRESSOR,0.000,0.000,43.397,43.397,,,SA,Moomba Hub,550017,2026/08/18 12:47:30
2026/08/17,Mereenie,580040,PROD,0.000,26.072,0.000,0.000,,,NT,Regional - NT,590017,2026/08/18 11:48:49
2026/08/17,Meridian,540064,PROD,0.000,48.294,0.000,0.000,,,QLD,Regional - QLD,590001,2026/08/18 09:39:15
2026/08/17,Mintaro Power Station,555031,BBGPG,0.000,0.000,0.000,0.000,,,SA,Regional - SA,590013,2026/08/18 11:31:05
2026/08/17,Moomba,550045,PROD,0.000,202.200,0.000,0.000,,,SA,Moomba Hub,550017,2026/08/23 13:17:49
2026/08/17,Moomba Storage,550046,STOR,0.000,0.000,0.000,0.000,6305.600,0.000,SA,Moomba Hub,550017,2026/08/23 13:17:49
2026/08/17,Mortlake PS,530063,BBGPG,0.000,0.000,0.000,0.000,,,VIC,Regional - VIC,590012,2026/08/18 07:20:00
2026/08/17,MPL,530061,PIPE,0.000,0.000,0.000,0.000,,,VIC,Iona Hub,530016,2026/08/18 07:20:00
2026/08/17,MPL,530061,PIPE,0.000,0.000,0.000,0.000,,,VIC,Regional - VIC,590012,2026/08/18 07:20:00
2026/08/17,MRP,580100,PIPE,9.229,0.000,9.230,0.000,,,NT,Regional - NT,590017,2026/08/18 08:58:52
2026/08/17,MSP,520053,PIPE,138.445,0.000,0.000,0.000,,,NSW,Sydney,520008,2026/08/18 12:47:30
2026/08/17,MSP,520053,PIPE,0.000,0.000,106.300,1.300,,,SA,Moomba Hub,550017,2026/08/18 12:47:30
2026/08/17,MSP,520053,PIPE,38.618,0.000,0.000,5.161,,,NSW,Regional - NSW,590011,2026/08/18 12:47:30
2026/08/17,MSP,520053,PIPE,13.459,0.000,0.000,0.000,,,NSW,Regional - ACT,590015,2026/08/18 12:47:30
2026/08/17,MSP,520053,PIPE,0.000,0.000,116.729,0.000,,,NSW,Culcairn,590016,2026/08/18 12:47:30
2026/08/17,Newport,533171,BBGPG,0.006,0.000,0.000,0.000,,,VIC,Melbourne,590008,2026/08/18 11:00:07
2026/08/17,NGP,580050,PIPE,0.000,0.000,0.000,0.000,,,QLD,Regional - QLD,590001,2026/08/18 12:01:17
2026/08/17,NGP,580050,PIPE,0.000,0.000,0.000,0.000,,,NT,Regional - NT,590017,2026/08/18 12:01:17
2026/08/17,NGS,520060,STOR,0.270,0.673,0.000,0.000,675.127,76.793,NSW,Sydney,520008,2026/08/18 07:48:00
2026/08/17,Oakey PS,544095,BBGPG,0.000,0.000,0.000,0.000,,,QLD,Regional - QLD,590001,2026/08/18 12:47:30
2026/08/17,Orana,540084,PROD,0.000,168.413,0.000,0.000,,,QLD,Regional - QLD,590001,2026/08/22 11:30:27
2026/08/17,Orbost,530041,PROD,0.000,72.490,0.000,0.000,,,VIC,Regional - VIC,590012,2026/08/18 12:01:05
2026/08/17,Orica,544011,BBLARGE,9.314,0.000,0.000,0.000,,,QLD,Regional - QLD,590001,2026/08/18 12:01:07
2026/08/17,Orica (Kooragang Island),523206,BBLARGE,39.109,0.000,0.000,0.000,,,NSW,Sydney,520008,2026/08/18 13:00:00
2026/08/17,Osborne,555033,BBGPG,0.000,0.000,0.000,0.000,,,SA,Regional - SA,590013,2026/08/18 11:31:05
2026/08/17,Otway,530044,PROD,0.000,150.120,0.000,0.000,,,VIC,Iona Hub,530016,2026/08/18 12:00:59
2026/08/17,Owen Springs Power Station,580235,BBGPG,0.501,0.000,0.000,0.000,,,NT,Regional - NT,590017,2026/08/18 06:41:39
2026/08/17,Palm Valley,580060,PROD,0.000,5.678,0.000,0.000,,,NT,Regional - NT,590017,2026/08/18 11:48:49
2026/08/17,PCA,550052,PIPE,0.000,11.874,21.045,0.999,,,VIC,Iona Hub,530016,2026/08/18 07:20:01
2026/08/17,PCA,550052,PIPE,19.650,0.000,0.000,0.000,,,SA,Adelaide,550016,2026/08/18 07:20:01
2026/08/17,PCA,550052,PIPE,0.000,0.000,0.000,6.986,,,VIC,Regional - VIC,590012,2026/08/18 07:20:01
2026/08/17,PCA,550052,PIPE,0.726,0.000,0.000,14.999,,,SA,Regional - SA,590013,2026/08/18 07:20:01
2026/08/17,PCI,530060,PIPE,0.000,161.470,0.999,162.469,,,VIC,Iona Hub,530016,2026/08/18 07:20:01
2026/08/17,Peat,540065,PROD,0.000,11.876,0.000,0.000,,,QLD,Regional - QLD,590001,2026/08/22 11:30:27
2026/08/17,Pelican Point Power Station,555089,BBGPG,17.387,0.000,0.000,0.000,,,SA,Regional - SA,590013,2026/08/18 07:20:01
2026/08/17,Phosphate Hill,544081,BBLARGE,24.646,0.000,0.000,0.000,,,QLD,Regional - QLD,590001,2026/08/18 12:47:30
2026/08/17,Pipeline Compression Station,544279,COMPRESSOR,0.000,0.000,0.000,0.000,,,QLD,Regional - QLD,590001,2026/08/18 10:58:08
2026/08/17,PVP,580070,PIPE,0.960,0.000,1.059,0.000,,,NT,Regional - NT,590017,2026/08/18 06:41:39
2026/08/17,QCLNG LNG Plant,544272,LNGEXPORT,1503.123,0.000,0.000,0.000,,,QLD,Curtis Island,540030,2026/08/18 10:36:22
2026/08/17,QGP,540058,PIPE,0.000,0.000,5.666,0.000,,,QLD,Wallumbilla Hub,540032,2026/08/18 12:01:07
2026/08/17,QGP,540058,PIPE,101.377,24.620,76.886,2.620,,,QLD,Regional - QLD,590001,2026/08/18 12:01:07
2026/08/17,Quarantine Power Station,555087,BBGPG,0.000,0.000,0.000,0.000,,,SA,Regional - SA,590013,2026/08/18 11:31:05
2026/08/17,Queensland Aluminia,544012,BBLARGE,27.233,0.000,0.000,0.000,,,QLD,Regional - QLD,590001,2026/08/18 12:01:07
2026/08/17,RBP,540057,PIPE,0.000,0.000,9.788,13.746,,,QLD,Wallumbilla Hub,540032,2026/08/18 12:47:30
2026/08/17,RBP,540057,PIPE,4.490,20.047,45.633,7.501,,,QLD,Regional - QLD,590001,2026/08/18 12:47:30
2026/08/17,RBP,540057,PIPE,52.621,0.000,0.000,0.000,,,QLD,Brisbane,590002,2026/08/18 12:47:30
2026/08/17,RCWP,540102,PIPE,0.000,0.000,0.213,0.000,,,QLD,Wallumbilla Hub,540032,2026/08/18 12:47:30
2026/08/17,RCWP,540102,PIPE,0.000,0.000,30.699,28.980,,,QLD,Regional - QLD,590001,2026/08/18 12:47:30
2026/08/17,Reedy Creek,540085,PROD,0.000,198.740,0.000,0.000,,,QLD,Regional - QLD,590001,2026/08/22 11:30:27
2026/08/17,RMNGPF,640011,PROD,0.000,15.960,0.000,0.000,,,QLD,Regional - QLD,590001,2026/08/18 10:37:25
2026/08/17,RNMGP,640012,PIPE,0.000,15.960,0.000,15.960,,,QLD,Regional - QLD,590001,2026/08/18 10:37:25
2026/08/17,RNP,640009,PIPE,0.000,22.942,0.000,22.942,,,QLD,Regional - QLD,590001,2026/08/18 12:01:08
2026/08/17,Rolleston,540073,PROD,0.000,8.989,0.000,0.000,,,QLD,Regional - QLD,590001,2026/08/18 12:01:07
2026/08/17,Roma,540095,PROD,0.000,234.313,0.000,0.000,,,QLD,Regional - QLD,590001,2026/08/18 10:58:34
2026/08/17,Roma North,544260,PROD,0.000,22.942,0.000,0.000,,,QLD,Regional - QLD,590001,2026/08/18 12:01:19
2026/08/17,Roma Power Station,540120,BBGPG,0.000,0.000,0.000,0.000,,,QLD,Regional - QLD,590001,2026/08/18 11:15:58
2026/08/17,Ron Goodin Power Station,580234,BBGPG,0.000,0.000,0.000,0.000,,,NT,Regional - NT,590017,2026/08/18 06:41:39
2026/08/17,RPL,540110,PIPE,0.058,0.000,0.000,0.000,,,QLD,Regional - QLD,590001,2026/08/18 11:15:58
2026/08/17,Ruby Jo,540082,PROD,0.000,424.898,0.000,0.000,,,QLD,Regional - QLD,590001,2026/08/18 10:36:22
2026/08/17,RUGS,540040,STOR,0.000,1.288,0.000,0.000,15145.336,0.000,QLD,Regional - QLD,590001,2026/08/18 10:58:34
2026/08/17,Scotia,540072,PROD,0.000,100.800,0.000,0.000,,,QLD,Regional - QLD,590001,2026/08/18 10:58:34
2026/08/17,SEPS,550061,PIPE,6.860,0.000,6.871,0.000,,,SA,Regional - SA,590013,2026/08/18 11:32:05
2026/08/17,SESA,550060,PIPE,0.000,0.000,6.986,0.000,,,VIC,Regional - VIC,590012,2026/08/18 12:47:30
2026/08/17,SESA,550060,PIPE,0.000,0.000,0.000,6.871,,,SA,Regional - SA,590013,2026/08/18 12:47:30
2026/08/17,Shoalhaven Starches Cogeneration Plant,523203,BBLARGE,22.069,0.000,0.000,0.000,,,NSW,Regional - NSW,590011,2026/08/18 13:25:53
2026/08/17,Smithfield Energy Facility,522004,BBGPG,0.000,0.000,0.000,0.000,,,NSW,Regional - NSW,590011,2026/08/18 12:02:58
2026/08/17,Snapper Point,555090,BBGPG,0.000,0.000,0.000,0.000,,,SA,Regional - SA,590013,2026/08/18 11:31:05
2026/08/17,Somerton,533174,BBGPG,0.001,0.000,0.000,0.000,,,VIC,Melbourne,590008,2026/08/18 11:00:07
2026/08/17,Spring Gully,540066,PROD,0.000,53.087,0.000,0.000,,,QLD,Regional - QLD,590001,2026/08/22 11:30:27
2026/08/17,SSP,540103,PIPE,0.000,5.660,0.000,5.660,,,QLD,Regional - QLD,590001,2026/08/18 09:10:26
2026/08/17,SSSF,540062,STOR,0.000,7.500,0.000,0.000,8570.532,0.000,QLD,Regional - QLD,590001,2026/08/18 09:10:26
2026/08/17,Strathblane,540067,PROD,0.000,46.830,0.000,0.000,,,QLD,Regional - QLD,590001,2026/08/22 11:30:27
2026/08/17,Swanbank Power Station,544104,BBGPG,0.000,0.000,0.000,0.000,,,QLD,Brisbane,590002,2026/08/18 12:47:30
2026/08/17,SWQP,540060,PIPE,0.000,0.000,236.770,174.522,,,QLD,Wallumbilla Hub,540032,2026/08/18 12:47:30
2026/08/17,SWQP,540060,PIPE,0.000,0.000,0.000,80.045,,,QLD,Ballera,540078,2026/08/18 12:47:30
2026/08/17,SWQP,540060,PIPE,0.000,174.655,0.000,131.257,,,SA,Moomba Hub,550017,2026/08/18 12:47:30
2026/08/17,SWQP,540060,PIPE,0.128,0.000,0.000,0.000,,,QLD,Regional - QLD,590001,2026/08/18 12:47:30
2026/08/17,Talinga,540076,PROD,0.000,81.584,0.000,0.000,,,QLD,Regional - QLD,590001,2026/08/22 11:30:27
2026/08/17,Tallawarra,522002,BBGPG,0.000,0.000,0.000,0.000,,,NSW,Regional - NSW,590011,2026/08/18 11:00:10
2026/08/17,Tallawarra Pipeline,523201,PIPE,0.000,0.000,0.000,0.000,,,NSW,Regional - NSW,590011,2026/08/18 11:00:10
2026/08/17,Taloona,540068,PROD,0.000,41.064,0.000,0.000,,,QLD,Regional - QLD,590001,2026/08/22 11:30:27
2026/08/17,Tanami GP,580210,PIPE,8.510,0.000,7.500,0.000,,,NT,Regional - NT,590017,2026/08/18 12:02:00
2026/08/17,TGP,570050,PIPE,0.000,0.000,71.643,16.686,,,VIC,Longford Hub,530015,2026/08/19 12:01:00
2026/08/17,TGP,570050,PIPE,49.405,0.000,0.000,0.000,,,TAS,Regional - TAS,590014,2026/08/19 12:01:00
2026/08/17,Tipton,540051,PROD,0.000,41.406,0.000,0.000,,,QLD,Regional - QLD,590001,2026/08/18 10:18:51
2026/08/17,Torrens Island PS,555041,BBGPG,3.659,0.000,0.000,0.000,,,SA,Regional - SA,590013,2026/08/18 11:31:05
2026/08/17,Uranquinty Power Station,522047,BBGPG,0.000,0.000,0.000,0.000,,,NSW,Regional - NSW,590011,2026/08/18 12:47:30
2026/08/17,Valley Power GPG,535024,BBGPG,0.000,0.000,0.000,0.000,,,VIC,Gippsland,590009,2026/08/18 11:00:45
2026/08/17,VicHub,532005,PIPE,0.000,0.000,11.808,11.808,,,VIC,Longford Hub,530015,2026/08/18 12:01:22
2026/08/17,Viva Energy Refinery,535018,BBLARGE,7.166,0.000,0.000,0.000,,,VIC,Geelong,590005,2026/08/18 07:30:14
2026/08/17,VTS,530110,PIPE,0.000,413.184,28.502,0.002,,,VIC,Longford Hub,530015,2026/08/18 11:00:07
2026/08/17,VTS,530110,PIPE,0.000,100.179,141.423,0.000,,,VIC,Iona Hub,530016,2026/08/18 11:00:07
2026/08/17,VTS,530110,PIPE,11.344,0.000,0.000,0.000,,,VIC,Western,590004,2026/08/18 11:00:07
2026/08/17,VTS,530110,PIPE,65.585,0.000,0.000,0.000,,,VIC,Geelong,590005,2026/08/18 11:00:07
2026/08/17,VTS,530110,PIPE,38.816,0.000,0.000,0.000,,,VIC,Ballarat,590006,2026/08/18 11:00:07
2026/08/17,VTS,530110,PIPE,56.480,0.000,0.000,0.000,,,VIC,Northern,590007,2026/08/18 11:00:07
2026/08/17,VTS,530110,PIPE,362.537,0.191,0.000,0.000,,,VIC,Melbourne,590008,2026/08/18 11:00:07
2026/08/17,VTS,530110,PIPE,37.564,0.000,17.927,0.000,,,VIC,Gippsland,590009,2026/08/18 11:00:07
2026/08/17,VTS,530110,PIPE,0.000,0.000,0.000,116.729,,,NSW,Culcairn,590016,2026/08/18 11:00:07
2026/08/17,Wallumbilla Compression Station,544280,COMPRESSOR,0.000,0.000,0.000,0.000,,,QLD,Wallumbilla Hub,540032,2026/08/18 10:58:08
2026/08/17,WCFA,540045,COMPRESSOR,0.000,0.000,101.970,101.970,,,QLD,Wallumbilla Hub,540032,2026/08/18 12:47:30
2026/08/17,WCFB,540046,COMPRESSOR,0.000,0.000,123.287,123.287,,,QLD,Wallumbilla Hub,540032,2026/08/18 12:47:30
2026/08/17,Weddell Power Station,580232,BBGPG,19.362,0.000,0.000,0.000,,,NT,Darwin,580001,2026/08/18 12:47:30
2026/08/17,WGP,540091,PIPE,1503.123,0.000,0.000,0.000,,,QLD,Curtis Island,540030,2026/08/18 10:36:22
2026/08/17,WGP,540091,PIPE,0.000,1476.365,56.687,0.000,,,QLD,Regional - QLD,590001,2026/08/18 10:36:22
2026/08/17,Whyalla Steelworks,555085,BBLARGE,3.672,0.000,0.000,0.000,,,SA,Regional - SA,590013,2026/08/18 11:31:05
2026/08/17,Windibri,540069,PROD,0.000,81.437,0.000,0.000,,,QLD,Regional - QLD,590001,2026/08/18 10:36:22
2026/08/17,Woleebee Creek,540087,PROD,0.000,643.406,0.000,0.000,,,QLD,Regional - QLD,590001,2026/08/18 10:36:22
2026/08/17,WPP,580030,PIPE,19.362,34.439,0.000,15.097,,,NT,Darwin,580001,2026/08/18 12:47:30
2026/08/17,Yarwun,544282,BBGPG,48.296,0.000,0.000,0.000,,,QLD,Regional - QLD,590001,2026/08/18 12:01:07
2026/08/17,Yelcherr,580180,PROD,0.000,0.000,0.000,0.000,,,NT,Regional - NT,590017,2026/08/18 12:47:30
2026/08/17,Yellowbank,540074,PROD,0.000,11.381,0.000,0.000,,,QLD,Regional - QLD,590001,2026/08/18 12:01:07
2026/08/18,Adelaide Brighton,555091,BBLARGE,10.370,0.000,0.000,0.000,,,SA,Adelaide,550016,2026/09/01 13:00:01
2026/08/18,AGP,580010,PIPE,13.223,0.000,12.509,0.000,,,NT,Darwin,580001,2026/08/19 12:46:30
2026/08/18,AGP,580010,PIPE,7.083,31.625,0.000,17.510,,,NT,Regional - NT,590017,2026/08/19 12:46:30
2026/08/18,APLNG Pipeline,540093,PIPE,1677.394,0.000,0.000,0.000,,,QLD,Curtis Island,540030,2026/08/23 11:30:08
2026/08/18,APLNG Pipeline,540093,PIPE,0.000,1347.117,500.517,188.722,,,QLD,Regional - QLD,590001,2026/08/23 11:30:08
2026/08/18,Arcadia,540101,PROD,0.000,92.626,0.000,0.000,,,QLD,Regional - QLD,590001,2026/08/19 10:58:21
2026/08/18,ATGP,640013,PIPE,0.000,43.248,0.000,43.248,,,QLD,Regional - QLD,590001,2026/08/19 12:01:11
2026/08/18,ATHENA,535014,PROD,0.000,17.133,0.000,0.000,,,VIC,Iona Hub,530016,2026/08/23 10:15:24
2026/08/18,Atlas,544261,PROD,0.000,43.248,0.000,0.000,,,QLD,Regional - QLD,590001,2026/08/19 12:01:34
2026/08/18,Atlas East Central Processing Facility,640008,PROD,0.000,25.340,0.000,0.000,,,QLD,Regional - QLD,590001,2026/08/19 09:29:42
2026/08/18,Atlas to Reedy Creek Pipeline,640007,PIPE,0.000,25.327,0.000,25.003,,,QLD,Regional - QLD,590001,2026/08/19 12:46:30
2026/08/18,Australia Pacific LNG,544273,LNGEXPORT,1677.394,0.000,0.000,0.000,,,QLD,Curtis Island,540030,2026/08/19 12:00:26
2026/08/18,Australian Paper (Opal),535021,BBLARGE,9.886,0.000,0.000,0.000,,,VIC,Gippsland,590009,2026/08/25 11:00:04
2026/08/18,B1PL,540077,PIPE,0.035,41.535,0.000,41.546,,,QLD,Regional - QLD,590001,2026/08/19 11:00:57
2026/08/18,B2PL,540071,PIPE,0.000,54.659,2.350,56.694,,,QLD,Regional - QLD,590001,2026/08/19 12:30:02
2026/08/18,Bairnsdale Power Station,535020,BBGPG,0.000,0.000,0.000,0.000,,,VIC,Regional - VIC,590012,2026/08/19 11:00:48
2026/08/18,BCF,540047,COMPRESSOR,0.000,0.000,68.800,68.800,,,QLD,Regional - QLD,590001,2026/08/23 13:18:11
2026/08/18,Bell Bay CCGT,577016,BBGPG,27.001,0.000,0.000,0.000,,,TAS,Regional - TAS,590014,2026/08/20 12:01:00
2026/08/18,Bell Bay GGT,577014,BBGPG,0.000,0.000,0.000,0.000,,,TAS,Regional - TAS,590014,2026/08/20 12:01:00
2026/08/18,Bell Bay OCGT,577015,BBGPG,0.000,0.000,0.000,0.000,,,TAS,Regional - TAS,590014,2026/08/20 12:01:00
2026/08/18,Bellevue,540083,PROD,0.000,152.585,0.000,0.000,,,QLD,Regional - QLD,590001,2026/08/19 10:35:45
2026/08/18,BGP,580020,PIPE,0.317,0.000,0.000,0.000,,,NT,Regional - NT,590017,2026/08/19 12:46:30
2026/08/18,BlueScope,523204,BBLARGE,11.728,0.000,0.000,0.000,,,NSW,Sydney,520008,2026/08/19 12:01:05
2026/08/18,Bolivar,555008,BBGPG,0.000,0.000,0.000,0.000,,,SA,Regional - SA,590013,2026/08/19 12:05:18
2026/08/18,Bomaderry Gas Pipeline,523202,PIPE,22.007,0.000,22.007,0.000,,,NSW,Regional - NSW,590011,2026/08/19 14:10:35
2026/08/18,BPP,530030,PIPE,1.870,19.110,0.000,17.243,,,VIC,Gippsland,590009,2026/08/25 11:00:04
2026/08/18,Braemar 2 Power Station,544085,BBGPG,0.000,0.000,0.000,0.000,,,QLD,Regional - QLD,590001,2026/08/19 12:30:02
2026/08/18,Braemar Power Station,544252,BBGPG,0.035,0.000,0.000,0.000,,,QLD,Regional - QLD,590001,2026/08/19 11:00:57
2026/08/18,BWP,540096,PIPE,0.000,0.000,0.000,16.869,,,QLD,Wallumbilla Hub,540032,2026/08/19 12:46:30
2026/08/18,BWP,540096,PIPE,0.000,15.850,0.000,0.000,,,QLD,Regional - QLD,590001,2026/08/19 12:46:30
2026/08/18,CGP,540059,PIPE,0.000,0.000,68.754,0.000,,,QLD,Ballera,540078,2026/08/19 12:46:30
2026/08/18,CGP,540059,PIPE,66.808,0.000,0.000,0.000,,,QLD,Regional - QLD,590001,2026/08/19 12:46:30
2026/08/18,Channel Island Power Station,580231,BBGPG,13.223,0.000,0.000,0.000,,,NT,Darwin,580001,2026/08/19 12:46:30
2026/08/18,Colongra,523120,BBGPG,0.000,0.000,0.000,0.000,,,NSW,Regional - NSW,590011,2026/08/19 12:00:05
2026/08/18,ColongraGP,520090,PIPE,0.000,0.000,0.000,0.000,,,NSW,Sydney,520008,2026/08/19 12:00:05
2026/08/18,ColongraGP,520090,PIPE,0.000,0.000,0.000,0.000,,,NSW,Regional - NSW,590011,2026/08/19 12:00:05
2026/08/18,Combabula,540094,PROD,0.000,292.817,0.000,0.000,,,QLD,Regional - QLD,590001,2026/08/23 11:30:08
2026/08/18,Condabri Central,540080,PROD,0.000,142.145,0.000,0.000,,,QLD,Regional - QLD,590001,2026/08/23 11:30:08
2026/08/18,Condabri North,540090,PROD,0.000,166.353,0.000,0.000,,,QLD,Regional - QLD,590001,2026/08/23 11:30:08
2026/08/18,Condabri South,540086,PROD,0.000,156.047,0.000,0.000,,,QLD,Regional - QLD,590001,2026/08/23 11:30:08
2026/08/18,Condamine Power Station,544274,BBGPG,0.000,0.000,0.000,0.000,,,QLD,Regional - QLD,590001,2026/08/19 10:35:44
2026/08/18,CRWP,540098,PIPE,0.000,0.000,160.758,0.000,,,QLD,Wallumbilla Hub,540032,2026/08/19 10:58:06
2026/08/18,CRWP,540098,PIPE,0.000,234.008,38.917,431.443,,,QLD,Regional - QLD,590001,2026/08/19 10:58:06
2026/08/18,CWP,520054,PIPE,5.513,0.000,5.357,0.000,,,NSW,Regional - NSW,590011,2026/08/19 12:46:30
2026/08/18,Daandine,540050,PROD,0.000,54.659,0.000,0.000,,,QLD,Regional - QLD,590001,2026/08/19 12:30:02
2026/08/18,Dandenong LNG,530038,STOR,0.000,0.392,0.000,0.000,608.685,27.889,VIC,Melbourne,590008,2026/08/19 12:46:30
2026/08/18,DDP,540097,PIPE,0.000,0.000,0.000,213.686,,,QLD,Wallumbilla Hub,540032,2026/08/19 12:01:10
2026/08/18,DDP,540097,PIPE,0.002,534.205,135.753,459.160,,,QLD,Regional - QLD,590001,2026/08/19 12:01:10
2026/08/18,DDPS,544027,BBGPG,0.002,0.000,0.000,0.000,,,QLD,Regional - QLD,590001,2026/08/19 12:01:10
2026/08/18,Diamantina Power Station,544077,BBGPG,31.091,0.000,0.000,0.000,,,QLD,Regional - QLD,590001,2026/08/19 12:46:30
2026/08/18,Dry Creek Power Station,555026,BBGPG,0.002,0.000,0.000,0.000,,,SA,Regional - SA,590013,2026/08/19 11:31:05
2026/08/18,EGP,520047,PIPE,129.249,0.000,0.000,0.000,,,NSW,Sydney,520008,2026/08/19 12:01:05
2026/08/18,EGP,520047,PIPE,16.554,0.000,0.000,0.000,,,NSW,Canberra,520009,2026/08/19 12:01:05
2026/08/18,EGP,520047,PIPE,0.000,194.844,0.000,87.762,,,VIC,Longford Hub,530015,2026/08/19 12:01:05
2026/08/18,EGP,520047,PIPE,5.330,0.000,0.000,22.007,,,NSW,Regional - NSW,590011,2026/08/19 12:01:05
2026/08/18,EGP,520047,PIPE,1.020,62.347,0.000,0.000,,,VIC,Regional - VIC,590012,2026/08/19 12:01:05
2026/08/18,EO4PL,540055,PIPE,0.000,0.000,0.000,0.000,,,QLD,Regional - QLD,590001,2026/08/19 10:35:45
2026/08/18,Eurombah Creek,540089,PROD,0.000,141.861,0.000,0.000,,,QLD,Regional - QLD,590001,2026/08/23 11:30:08
2026/08/18,Fairview,540070,PROD,0.000,278.275,0.000,0.000,,,QLD,Regional - QLD,590001,2026/08/19 10:58:21
2026/08/18,GLNG (Curtis Island),544276,LNGEXPORT,824.715,0.000,0.000,0.000,,,QLD,Curtis Island,540030,2026/08/19 10:58:06
2026/08/18,GLNG Pipeline,540092,PIPE,824.715,0.000,0.000,0.000,,,QLD,Curtis Island,540030,2026/08/19 10:58:06
2026/08/18,GLNG Pipeline,540092,PIPE,0.000,413.925,450.353,0.225,,,QLD,Regional - QLD,590001,2026/08/19 10:35:45
2026/08/18,Hallett,555029,BBGPG,0.000,0.000,0.000,0.000,,,SA,Regional - SA,590013,2026/08/19 11:31:05
2026/08/18,Hunter Power Station,523210,BBGPG,0.001,0.000,0.000,0.000,,,NSW,Sydney,520008,2026/08/19 12:46:30
2026/08/18,ICF,530071,COMPRESSOR,0.000,0.000,1.610,1.610,,,VIC,Iona Hub,530016,2026/08/19 08:35:03
2026/08/18,Iona UGS,530042,STOR,1.610,78.325,0.000,0.000,13740.929,0.000,VIC,Iona Hub,530016,2026/08/19 08:30:02
2026/08/18,Jeerelang,533161,BBGPG,0.000,0.000,0.000,0.000,,,VIC,Gippsland,590009,2026/08/25 11:00:04
2026/08/18,Jordan,540088,PROD,0.000,335.495,0.000,0.000,,,QLD,Regional - QLD,590001,2026/08/19 10:35:45
2026/08/18,Katherine Power Station,580233,BBGPG,0.000,0.000,0.000,0.000,,,NT,Regional - NT,590017,2026/08/19 12:46:30
2026/08/18,Kenya,540075,PROD,0.000,119.285,0.000,0.000,,,QLD,Regional - QLD,590001,2026/08/19 10:35:45
2026/08/18,Kincora,544253,PROD,0.000,4.000,0.000,0.000,,,QLD,Regional - QLD,590001,2026/08/19 12:46:30
2026/08/18,KKLP,523209,PIPE,0.001,0.000,0.000,0.000,,,NSW,Sydney,520008,2026/08/19 12:46:30
2026/08/18,Kogan North,540061,PROD,0.000,4.169,0.000,0.000,,,QLD,Regional - QLD,590001,2026/08/19 12:46:30
2026/08/18,Ladbroke Grove PS,555086,BBGPG,0.000,0.000,0.000,0.000,,,SA,Regional - SA,590013,2026/08/19 12:46:30
2026/08/18,Lang Lang,530039,PROD,0.000,19.110,0.000,0.000,,,VIC,Gippsland,590009,2026/08/19 11:01:25
2026/08/18,Laverton,533201,BBGPG,0.000,0.000,0.000,0.000,,,VIC,Geelong,590005,2026/08/25 11:00:04
2026/08/18,Longford,530040,PROD,0.000,606.161,0.000,0.000,,,VIC,Longford Hub,530015,2026/08/19 08:43:11
2026/08/18,Loy Yang B,533163,BBGPG,1.125,0.000,0.000,0.000,,,VIC,Gippsland,590009,2026/08/19 11:00:51
2026/08/18,LYB Transmission Pipeline,535023,PIPE,1.127,0.000,1.226,0.000,,,VIC,Gippsland,590009,2026/08/19 11:00:51
2026/08/18,MAPS,550054,PIPE,29.791,0.000,0.000,0.000,,,SA,Adelaide,550016,2026/08/19 11:31:05
2026/08/18,MAPS,550054,PIPE,0.000,36.427,22.166,0.000,,,SA,Moomba Hub,550017,2026/08/19 11:31:05
2026/08/18,MAPS,550054,PIPE,38.556,0.000,15.000,0.000,,,SA,Regional - SA,590013,2026/08/19 11:31:05
2026/08/18,McArthur River Mine,580220,BBGPG,8.907,0.000,0.000,0.000,,,NT,Regional - NT,590017,2026/08/19 09:06:19
2026/08/18,MCF,550050,COMPRESSOR,0.000,0.000,144.382,144.382,,,SA,Moomba Hub,550017,2026/08/19 12:46:30
2026/08/18,Mereenie,580040,PROD,0.000,25.964,0.000,0.000,,,NT,Regional - NT,590017,2026/08/19 11:13:49
2026/08/18,Meridian,540064,PROD,0.000,47.274,0.000,0.000,,,QLD,Regional - QLD,590001,2026/08/19 09:38:58
2026/08/18,Mintaro Power Station,555031,BBGPG,0.000,0.000,0.000,0.000,,,SA,Regional - SA,590013,2026/08/19 11:31:05
2026/08/18,Moomba,550045,PROD,0.000,218.300,0.000,0.000,,,SA,Moomba Hub,550017,2026/08/23 13:18:11
2026/08/18,Moomba Storage,550046,STOR,0.000,1.000,0.000,0.000,6304.600,0.000,SA,Moomba Hub,550017,2026/08/23 13:18:11
2026/08/18,Mortlake PS,530063,BBGPG,0.000,0.000,0.000,0.000,,,VIC,Regional - VIC,590012,2026/08/19 07:20:00
2026/08/18,MPL,530061,PIPE,0.000,0.000,0.000,0.000,,,VIC,Iona Hub,530016,2026/08/19 07:20:00
2026/08/18,MPL,530061,PIPE,0.000,0.000,0.000,0.000,,,VIC,Regional - VIC,590012,2026/08/19 07:20:00
2026/08/18,MRP,580100,PIPE,8.907,0.000,8.908,0.000,,,NT,Regional - NT,590017,2026/08/19 09:06:19
2026/08/18,MSP,520053,PIPE,131.896,0.000,0.000,0.000,,,NSW,Sydney,520008,2026/08/19 12:46:30
2026/08/18,MSP,520053,PIPE,0.000,0.000,15.309,0.000,,,SA,Moomba Hub,550017,2026/08/19 12:46:30
2026/08/18,MSP,520053,PIPE,38.123,0.000,0.000,5.357,,,NSW,Regional - NSW,590011,2026/08/19 12:46:30
2026/08/18,MSP,520053,PIPE,13.135,0.000,0.000,0.000,,,NSW,Regional - ACT,590015,2026/08/19 12:46:30
2026/08/18,MSP,520053,PIPE,0.000,0.000,140.694,0.000,,,NSW,Culcairn,590016,2026/08/19 12:46:30
2026/08/18,Newport,533171,BBGPG,0.004,0.000,0.000,0.000,,,VIC,Melbourne,590008,2026/08/25 11:00:04
2026/08/18,NGP,580050,PIPE,0.000,0.000,0.000,0.000,,,QLD,Regional - QLD,590001,2026/08/19 12:01:32
2026/08/18,NGP,580050,PIPE,0.000,0.000,0.000,0.000,,,NT,Regional - NT,590017,2026/08/19 12:01:32
2026/08/18,NGS,520060,STOR,0.410,0.916,0.000,0.000,674.419,76.793,NSW,Sydney,520008,2026/08/19 07:48:43
2026/08/18,Oakey PS,544095,BBGPG,0.000,0.000,0.000,0.000,,,QLD,Regional - QLD,590001,2026/08/19 12:46:30
2026/08/18,Orana,540084,PROD,0.000,168.365,0.000,0.000,,,QLD,Regional - QLD,590001,2026/08/23 11:30:08
2026/08/18,Orbost,530041,PROD,0.000,62.347,0.000,0.000,,,VIC,Regional - VIC,590012,2026/08/19 12:01:05
2026/08/18,Orica,544011,BBLARGE,9.643,0.000,0.000,0.000,,,QLD,Regional - QLD,590001,2026/08/19 12:01:07
2026/08/18,Orica (Kooragang Island),523206,BBLARGE,39.570,0.000,0.000,0.000,,,NSW,Sydney,520008,2026/08/19 13:00:00
2026/08/18,Osborne,555033,BBGPG,0.000,0.000,0.000,0.000,,,SA,Regional - SA,590013,2026/08/19 11:31:05
2026/08/18,Otway,530044,PROD,0.000,150.170,0.000,0.000,,,VIC,Iona Hub,530016,2026/08/19 11:00:12
2026/08/18,Owen Springs Power Station,580235,BBGPG,0.310,0.000,0.000,0.000,,,NT,Regional - NT,590017,2026/08/19 06:41:04
2026/08/18,Palm Valley,580060,PROD,0.000,5.661,0.000,0.000,,,NT,Regional - NT,590017,2026/08/19 11:13:49
2026/08/18,PCA,550052,PIPE,0.000,16.917,31.477,0.111,,,VIC,Iona Hub,530016,2026/08/19 07:20:01
2026/08/18,PCA,550052,PIPE,29.152,0.000,0.000,0.000,,,SA,Adelaide,550016,2026/08/19 07:20:01
2026/08/18,PCA,550052,PIPE,0.000,0.000,0.000,6.866,,,VIC,Regional - VIC,590012,2026/08/19 07:20:01
2026/08/18,PCA,550052,PIPE,0.734,0.000,0.000,14.999,,,SA,Regional - SA,590013,2026/08/19 07:20:01
2026/08/18,PCI,530060,PIPE,0.000,161.401,0.111,161.512,,,VIC,Iona Hub,530016,2026/08/19 07:20:01
2026/08/18,Peat,540065,PROD,0.000,11.515,0.000,0.000,,,QLD,Regional - QLD,590001,2026/08/23 11:30:08
2026/08/18,Pelican Point Power Station,555089,BBGPG,14.738,0.000,0.000,0.000,,,SA,Regional - SA,590013,2026/08/19 07:20:01
2026/08/18,Phosphate Hill,544081,BBLARGE,25.713,0.000,0.000,0.000,,,QLD,Regional - QLD,590001,2026/08/19 12:46:30
2026/08/18,Pipeline Compression Station,544279,COMPRESSOR,0.000,0.000,0.000,0.000,,,QLD,Regional - QLD,590001,2026/08/19 10:58:06
2026/08/18,PVP,580070,PIPE,0.751,0.000,0.902,0.000,,,NT,Regional - NT,590017,2026/08/19 06:41:04
2026/08/18,QCLNG LNG Plant,544272,LNGEXPORT,1523.690,0.000,0.000,0.000,,,QLD,Curtis Island,540030,2026/08/19 10:35:45
2026/08/18,QGP,540058,PIPE,0.000,0.000,5.306,0.000,,,QLD,Wallumbilla Hub,540032,2026/08/19 12:01:07
2026/08/18,QGP,540058,PIPE,111.605,25.441,76.885,0.500,,,QLD,Regional - QLD,590001,2026/08/19 12:01:07
2026/08/18,Quarantine Power Station,555087,BBGPG,0.000,0.000,0.000,0.000,,,SA,Regional - SA,590013,2026/08/19 11:31:05
2026/08/18,Queensland Aluminia,544012,BBLARGE,30.897,0.000,0.000,0.000,,,QLD,Regional - QLD,590001,2026/08/19 12:01:07
2026/08/18,RBP,540057,PIPE,0.000,0.000,2.836,11.500,,,QLD,Wallumbilla Hub,540032,2026/08/19 12:46:30
2026/08/18,RBP,540057,PIPE,4.432,19.684,49.046,2.350,,,QLD,Regional - QLD,590001,2026/08/19 12:46:30
2026/08/18,RBP,540057,PIPE,51.800,0.000,0.000,0.000,,,QLD,Brisbane,590002,2026/08/19 12:46:30
2026/08/18,RCWP,540102,PIPE,0.000,0.000,13.560,0.021,,,QLD,Wallumbilla Hub,540032,2026/08/19 12:46:30
2026/08/18,RCWP,540102,PIPE,0.000,0.000,25.003,41.357,,,QLD,Regional - QLD,590001,2026/08/19 12:46:30
2026/08/18,Reedy Creek,540085,PROD,0.000,198.613,0.000,0.000,,,QLD,Regional - QLD,590001,2026/08/23 11:30:08
2026/08/18,RMNGPF,640011,PROD,0.000,16.010,0.000,0.000,,,QLD,Regional - QLD,590001,2026/08/19 09:30:05
2026/08/18,RNMGP,640012,PIPE,0.000,16.010,0.000,16.010,,,QLD,Regional - QLD,590001,2026/08/19 09:30:05
2026/08/18,RNP,640009,PIPE,0.000,22.907,0.000,22.907,,,QLD,Regional - QLD,590001,2026/08/19 12:01:09
2026/08/18,Rolleston,540073,PROD,0.000,9.125,0.000,0.000,,,QLD,Regional - QLD,590001,2026/08/19 12:01:07
2026/08/18,Roma,540095,PROD,0.000,234.008,0.000,0.000,,,QLD,Regional - QLD,590001,2026/08/19 10:58:26
2026/08/18,Roma North,544260,PROD,0.000,22.907,0.000,0.000,,,QLD,Regional - QLD,590001,2026/08/19 12:01:33
2026/08/18,Roma Power Station,540120,BBGPG,0.000,0.000,0.000,0.000,,,QLD,Regional - QLD,590001,2026/08/19 11:55:57
2026/08/18,Ron Goodin Power Station,580234,BBGPG,0.000,0.000,0.000,0.000,,,NT,Regional - NT,590017,2026/08/19 06:41:04
2026/08/18,RPL,540110,PIPE,0.061,0.000,0.000,0.000,,,QLD,Regional - QLD,590001,2026/08/19 11:55:57
2026/08/18,Ruby Jo,540082,PROD,0.000,426.258,0.000,0.000,,,QLD,Regional - QLD,590001,2026/08/19 10:35:45
2026/08/18,RUGS,540040,STOR,0.000,0.251,0.000,0.000,15145.336,0.000,QLD,Regional - QLD,590001,2026/08/19 10:58:26
2026/08/18,Scotia,540072,PROD,0.000,102.883,0.000,0.000,,,QLD,Regional - QLD,590001,2026/08/19 10:58:26
2026/08/18,SEPS,550061,PIPE,6.765,0.000,6.784,0.000,,,SA,Regional - SA,590013,2026/08/19 11:32:05
2026/08/18,SESA,550060,PIPE,0.000,0.000,6.865,0.000,,,VIC,Regional - VIC,590012,2026/08/19 12:46:30
2026/08/18,SESA,550060,PIPE,0.000,0.000,0.000,6.785,,,SA,Regional - SA,590013,2026/08/19 12:46:30
2026/08/18,Shoalhaven Starches Cogeneration Plant,523203,BBLARGE,22.007,0.000,0.000,0.000,,,NSW,Regional - NSW,590011,2026/08/19 14:10:35
2026/08/18,Smithfield Energy Facility,522004,BBGPG,0.000,0.000,0.000,0.000,,,NSW,Regional - NSW,590011,2026/08/19 12:05:18
2026/08/18,Snapper Point,555090,BBGPG,0.000,0.000,0.000,0.000,,,SA,Regional - SA,590013,2026/08/19 11:31:05
2026/08/18,Somerton,533174,BBGPG,1.142,0.000,0.000,0.000,,,VIC,Melbourne,590008,2026/08/25 11:00:04
2026/08/18,Spring Gully,540066,PROD,0.000,53.094,0.000,0.000,,,QLD,Regional - QLD,590001,2026/08/23 11:30:08
2026/08/18,SSP,540103,PIPE,0.000,5.750,0.000,5.750,,,QLD,Regional - QLD,590001,2026/08/19 09:24:02
2026/08/18,SSSF,540062,STOR,0.000,7.500,0.000,0.000,8564.782,0.000,QLD,Regional - QLD,590001,2026/08/19 09:24:02
2026/08/18,Strathblane,540067,PROD,0.000,49.376,0.000,0.000,,,QLD,Regional - QLD,590001,2026/08/23 11:30:08
2026/08/18,Swanbank Power Station,544104,BBGPG,0.000,0.000,0.000,0.000,,,QLD,Brisbane,590002,2026/08/19 12:46:30
2026/08/18,SWQP,540060,PIPE,0.000,0.000,242.576,182.460,,,QLD,Wallumbilla Hub,540032,2026/08/19 12:46:30
2026/08/18,SWQP,540060,PIPE,0.000,0.000,0.000,73.569,,,QLD,Ballera,540078,2026/08/19 12:46:30
2026/08/18,SWQP,540060,PIPE,0.000,181.857,0.000,37.475,,,SA,Moomba Hub,550017,2026/08/19 12:46:30
2026/08/18,SWQP,540060,PIPE,0.128,0.000,0.000,0.000,,,QLD,Regional - QLD,590001,2026/08/19 12:46:30
2026/08/18,Talinga,540076,PROD,0.000,81.872,0.000,0.000,,,QLD,Regional - QLD,590001,2026/08/23 11:30:08
2026/08/18,Tallawarra,522002,BBGPG,0.000,0.000,0.000,0.000,,,NSW,Regional - NSW,590011,2026/08/19 11:00:05
2026/08/18,Tallawarra Pipeline,523201,PIPE,0.000,0.000,0.000,0.000,,,NSW,Regional - NSW,590011,2026/08/19 11:00:05
2026/08/18,Taloona,540068,PROD,0.000,40.106,0.000,0.000,,,QLD,Regional - QLD,590001,2026/08/23 11:30:08
2026/08/18,Tanami GP,580210,PIPE,8.711,0.000,7.700,0.000,,,NT,Regional - NT,590017,2026/08/19 12:02:00
2026/08/18,TGP,570050,PIPE,0.000,0.000,84.078,31.988,,,VIC,Longford Hub,530015,2026/08/20 12:01:00
2026/08/18,TGP,570050,PIPE,45.834,0.000,0.000,0.000,,,TAS,Regional - TAS,590014,2026/08/20 12:01:00
2026/08/18,Tipton,540051,PROD,0.000,41.535,0.000,0.000,,,QLD,Regional - QLD,590001,2026/08/19 12:30:02
2026/08/18,Torrens Island PS,555041,BBGPG,3.634,0.000,0.000,0.000,,,SA,Regional - SA,590013,2026/08/19 11:31:05
2026/08/18,Uranquinty Power Station,522047,BBGPG,0.000,0.000,0.000,0.000,,,NSW,Regional - NSW,590011,2026/08/19 12:46:30
2026/08/18,Valley Power GPG,535024,BBGPG,0.002,0.000,0.000,0.000,,,VIC,Gippsland,590009,2026/08/19 11:00:51
2026/08/18,VicHub,532005,PIPE,0.000,0.000,3.686,3.686,,,VIC,Longford Hub,530015,2026/08/19 12:01:36
2026/08/18,Viva Energy Refinery,535018,BBLARGE,8.029,0.000,0.000,0.000,,,VIC,Geelong,590005,2026/08/19 07:30:13
2026/08/18,VTS,530110,PIPE,0.000,409.792,35.683,0.001,,,VIC,Longford Hub,530015,2026/08/25 11:00:04
2026/08/18,VTS,530110,PIPE,0.000,68.032,130.033,0.000,,,VIC,Iona Hub,530016,2026/08/25 11:00:04
2026/08/18,VTS,530110,PIPE,12.151,0.000,0.000,0.000,,,VIC,Western,590004,2026/08/25 11:00:04
2026/08/18,VTS,530110,PIPE,55.763,0.000,0.000,0.000,,,VIC,Geelong,590005,2026/08/25 11:00:04
2026/08/18,VTS,530110,PIPE,35.260,0.000,0.000,0.000,,,VIC,Ballarat,590006,2026/08/25 11:00:04
2026/08/18,VTS,530110,PIPE,59.866,0.000,0.000,0.000,,,VIC,Northern,590007,2026/08/25 11:00:04
2026/08/18,VTS,530110,PIPE,317.145,0.351,0.000,0.000,,,VIC,Melbourne,590008,2026/08/25 11:00:04
2026/08/18,VTS,530110,PIPE,32.642,0.000,17.243,1.226,,,VIC,Gippsland,590009,2026/08/25 11:00:04
2026/08/18,VTS,530110,PIPE,0.000,0.000,0.000,140.693,,,NSW,Culcairn,590016,2026/08/25 11:00:04
2026/08/18,Wallumbilla Compression Station,544280,COMPRESSOR,0.000,0.000,0.000,0.000,,,QLD,Wallumbilla Hub,540032,2026/08/19 10:58:06
2026/08/18,WCFA,540045,COMPRESSOR,0.000,0.000,105.886,105.886,,,QLD,Wallumbilla Hub,540032,2026/08/19 12:46:30
2026/08/18,WCFB,540046,COMPRESSOR,0.000,0.000,125.189,125.189,,,QLD,Wallumbilla Hub,540032,2026/08/19 12:46:30
2026/08/18,Weddell Power Station,580232,BBGPG,23.165,0.000,0.000,0.000,,,NT,Darwin,580001,2026/08/19 12:46:30
2026/08/18,WGP,540091,PIPE,1523.690,0.000,0.000,0.000,,,QLD,Curtis Island,540030,2026/08/19 10:35:45
2026/08/18,WGP,540091,PIPE,0.000,1450.211,56.694,0.000,,,QLD,Regional - QLD,590001,2026/08/19 10:35:45
2026/08/18,Whyalla Steelworks,555085,BBLARGE,3.598,0.000,0.000,0.000,,,SA,Regional - SA,590013,2026/08/19 11:31:05
2026/08/18,Windibri,540069,PROD,0.000,80.206,0.000,0.000,,,QLD,Regional - QLD,590001,2026/08/19 10:35:45
2026/08/18,Woleebee Creek,540087,PROD,0.000,642.731,0.000,0.000,,,QLD,Regional - QLD,590001,2026/08/19 10:35:45
2026/08/18,WPP,580030,PIPE,23.165,35.694,0.000,12.509,,,NT,Darwin,580001,2026/08/19 12:46:30
2026/08/18,Yarwun,544282,BBGPG,53.385,0.000,0.000,0.000,,,QLD,Regional - QLD,590001,2026/08/19 12:01:07
2026/08/18,Yelcherr,580180,PROD,0.000,0.000,0.000,0.000,,,NT,Regional - NT,590017,2026/08/19 12:46:30
2026/08/18,Yellowbank,540074,PROD,0.000,12.066,0.000,0.000,,,QLD,Regional - QLD,590001,2026/08/19 12:01:07
2026/08/19,Adelaide Brighton,555091,BBLARGE,9.774,0.000,0.000,0.000,,,SA,Adelaide,550016,2026/09/01 13:00:01
2026/08/19,AGP,580010,PIPE,12.791,0.000,12.994,0.000,,,NT,Darwin,580001,2026/08/20 12:46:30
2026/08/19,AGP,580010,PIPE,7.118,29.808,0.000,17.648,,,NT,Regional - NT,590017,2026/08/20 12:46:30
2026/08/19,APLNG Pipeline,540093,PIPE,1676.182,0.000,0.000,0.000,,,QLD,Curtis Island,540030,2026/08/24 12:44:36
2026/08/19,APLNG Pipeline,540093,PIPE,0.000,1347.175,529.551,192.884,,,QLD,Regional - QLD,590001,2026/08/24 12:44:36
2026/08/19,Arcadia,540101,PROD,0.000,92.638,0.000,0.000,,,QLD,Regional - QLD,590001,2026/08/20 10:58:14
2026/08/19,ATGP,640013,PIPE,0.000,43.357,0.000,43.357,,,QLD,Regional - QLD,590001,2026/08/20 12:01:34
2026/08/19,ATHENA,535014,PROD,0.000,16.031,0.000,0.000,,,VIC,Iona Hub,530016,2026/08/24 14:29:46
2026/08/19,Atlas,544261,PROD,0.000,43.357,0.000,0.000,,,QLD,Regional - QLD,590001,2026/08/20 12:01:42
2026/08/19,Atlas East Central Processing Facility,640008,PROD,0.000,33.560,0.000,0.000,,,QLD,Regional - QLD,590001,2026/08/20 09:25:35
2026/08/19,Atlas to Reedy Creek Pipeline,640007,PIPE,0.000,33.582,0.000,33.688,,,QLD,Regional - QLD,590001,2026/08/20 12:46:30
2026/08/19,Australia Pacific LNG,544273,LNGEXPORT,1676.182,0.000,0.000,0.000,,,QLD,Curtis Island,540030,2026/08/20 12:00:25
2026/08/19,Australian Paper (Opal),535021,BBLARGE,8.050,0.000,0.000,0.000,,,VIC,Gippsland,590009,2026/08/25 11:00:04
2026/08/19,B1PL,540077,PIPE,0.034,41.562,0.000,43.398,,,QLD,Regional - QLD,590001,2026/08/20 11:01:27
2026/08/19,B2PL,540071,PIPE,0.000,50.768,0.000,55.339,,,QLD,Regional - QLD,590001,2026/08/20 12:30:02
2026/08/19,Bairnsdale Power Station,535020,BBGPG,0.000,0.000,0.000,0.000,,,VIC,Regional - VIC,590012,2026/08/20 11:01:31
2026/08/19,BCF,540047,COMPRESSOR,0.000,0.000,67.100,67.100,,,QLD,Regional - QLD,590001,2026/08/24 10:22:02
2026/08/19,Bell Bay CCGT,577016,BBGPG,26.960,0.000,0.000,0.000,,,TAS,Regional - TAS,590014,2026/08/21 12:01:00
2026/08/19,Bell Bay GGT,577014,BBGPG,0.000,0.000,0.000,0.000,,,TAS,Regional - TAS,590014,2026/08/21 12:01:00
2026/08/19,Bell Bay OCGT,577015,BBGPG,0.000,0.000,0.000,0.000,,,TAS,Regional - TAS,590014,2026/08/21 12:01:00
2026/08/19,Bellevue,540083,PROD,0.000,156.538,0.000,0.000,,,QLD,Regional - QLD,590001,2026/08/20 10:35:27
2026/08/19,BGP,580020,PIPE,0.303,0.000,0.000,0.000,,,NT,Regional - NT,590017,2026/08/20 12:46:30
2026/08/19,BlueScope,523204,BBLARGE,10.952,0.000,0.000,0.000,,,NSW,Sydney,520008,2026/08/20 12:01:05
2026/08/19,Bolivar,555008,BBGPG,0.000,0.000,0.000,0.000,,,SA,Regional - SA,590013,2026/08/20 12:05:39
2026/08/19,Bomaderry Gas Pipeline,523202,PIPE,22.365,0.000,22.365,0.000,,,NSW,Regional - NSW,590011,2026/08/20 12:50:43
2026/08/19,BPP,530030,PIPE,2.280,18.910,0.000,16.626,,,VIC,Gippsland,590009,2026/08/25 11:00:04
2026/08/19,Braemar 2 Power Station,544085,BBGPG,0.000,0.000,0.000,0.000,,,QLD,Regional - QLD,590001,2026/08/20 12:30:02
2026/08/19,Braemar Power Station,544252,BBGPG,0.034,0.000,0.000,0.000,,,QLD,Regional - QLD,590001,2026/08/20 11:01:27
2026/08/19,BWP,540096,PIPE,0.000,0.000,0.000,12.886,,,QLD,Wallumbilla Hub,540032,2026/08/20 12:46:30
2026/08/19,BWP,540096,PIPE,0.000,12.850,0.000,0.000,,,QLD,Regional - QLD,590001,2026/08/20 12:46:30
2026/08/19,CGP,540059,PIPE,0.000,0.000,67.099,0.000,,,QLD,Ballera,540078,2026/08/20 12:46:30
2026/08/19,CGP,540059,PIPE,64.284,0.000,0.000,0.000,,,QLD,Regional - QLD,590001,2026/08/20 12:46:30
2026/08/19,Channel Island Power Station,580231,BBGPG,12.791,0.000,0.000,0.000,,,NT,Darwin,580001,2026/08/20 12:46:30
2026/08/19,Colongra,523120,BBGPG,0.000,0.000,0.000,0.000,,,NSW,Regional - NSW,590011,2026/08/20 12:00:05
2026/08/19,ColongraGP,520090,PIPE,0.000,0.000,0.000,0.000,,,NSW,Sydney,520008,2026/08/20 12:00:05
2026/08/19,ColongraGP,520090,PIPE,0.000,0.000,0.000,0.000,,,NSW,Regional - NSW,590011,2026/08/20 12:00:05
2026/08/19,Combabula,540094,PROD,0.000,292.632,0.000,0.000,,,QLD,Regional - QLD,590001,2026/08/24 12:44:36
2026/08/19,Condabri Central,540080,PROD,0.000,141.197,0.000,0.000,,,QLD,Regional - QLD,590001,2026/08/24 12:44:36
2026/08/19,Condabri North,540090,PROD,0.000,165.586,0.000,0.000,,,QLD,Regional - QLD,590001,2026/08/24 12:44:36
2026/08/19,Condabri South,540086,PROD,0.000,156.173,0.000,0.000,,,QLD,Regional - QLD,590001,2026/08/24 12:44:36
2026/08/19,Condamine Power Station,544274,BBGPG,0.000,0.000,0.000,0.000,,,QLD,Regional - QLD,590001,2026/08/20 10:35:35
2026/08/19,CRWP,540098,PIPE,0.000,0.000,170.701,0.000,,,QLD,Wallumbilla Hub,540032,2026/08/20 10:58:06
2026/08/19,CRWP,540098,PIPE,0.000,232.921,39.360,440.410,,,QLD,Regional - QLD,590001,2026/08/20 10:58:06
2026/08/19,CWP,520054,PIPE,5.037,0.000,4.463,0.000,,,NSW,Regional - NSW,590011,2026/08/20 12:46:30
2026/08/19,Daandine,540050,PROD,0.000,52.788,0.000,0.000,,,QLD,Regional - QLD,590001,2026/08/20 12:30:02
2026/08/19,Dandenong LNG,530038,STOR,0.000,0.341,0.000,0.000,608.183,27.889,VIC,Melbourne,590008,2026/08/20 12:46:30
2026/08/19,DDP,540097,PIPE,0.000,0.000,0.000,212.359,,,QLD,Wallumbilla Hub,540032,2026/09/02 10:00:05
2026/08/19,DDP,540097,PIPE,0.173,570.083,133.890,493.183,,,QLD,Regional - QLD,590001,2026/09/02 10:00:05
2026/08/19,DDPS,544027,BBGPG,0.173,0.000,0.000,0.000,,,QLD,Regional - QLD,590001,2026/09/02 10:00:05
2026/08/19,Diamantina Power Station,544077,BBGPG,28.064,0.000,0.000,0.000,,,QLD,Regional - QLD,590001,2026/08/20 12:46:30
2026/08/19,Dry Creek Power Station,555026,BBGPG,0.000,0.000,0.000,0.000,,,SA,Regional - SA,590013,2026/08/20 11:31:05
2026/08/19,EGP,520047,PIPE,124.242,0.000,0.000,0.000,,,NSW,Sydney,520008,2026/08/20 12:01:05
2026/08/19,EGP,520047,PIPE,16.506,0.000,0.000,0.000,,,NSW,Canberra,520009,2026/08/20 12:01:05
2026/08/19,EGP,520047,PIPE,0.000,187.202,0.000,77.698,,,VIC,Longford Hub,530015,2026/08/20 12:01:05
2026/08/19,EGP,520047,PIPE,5.428,0.000,0.000,22.365,,,NSW,Regional - NSW,590011,2026/08/20 12:01:05
2026/08/19,EGP,520047,PIPE,0.905,68.473,0.000,0.000,,,VIC,Regional - VIC,590012,2026/08/20 12:01:05
2026/08/19,EO4PL,540055,PIPE,0.000,0.000,0.000,0.000,,,QLD,Regional - QLD,590001,2026/08/20 10:35:27
2026/08/19,Eurombah Creek,540089,PROD,0.000,141.435,0.000,0.000,,,QLD,Regional - QLD,590001,2026/08/24 12:44:36
2026/08/19,Fairview,540070,PROD,0.000,278.015,0.000,0.000,,,QLD,Regional - QLD,590001,2026/08/20 10:58:14
2026/08/19,GLNG (Curtis Island),544276,LNGEXPORT,920.560,0.000,0.000,0.000,,,QLD,Curtis Island,540030,2026/08/20 10:58:06
2026/08/19,GLNG Pipeline,540092,PIPE,920.560,0.000,0.000,0.000,,,QLD,Curtis Island,540030,2026/08/20 10:58:06
2026/08/19,GLNG Pipeline,540092,PIPE,0.000,414.356,465.315,0.000,,,QLD,Regional - QLD,590001,2026/08/20 10:35:27
2026/08/19,Hallett,555029,BBGPG,0.000,0.000,0.000,0.000,,,SA,Regional - SA,590013,2026/08/20 11:31:05
2026/08/19,Hunter Power Station,523210,BBGPG,0.001,0.000,0.000,0.000,,,NSW,Sydney,520008,2026/08/20 12:46:30
2026/08/19,ICF,530071,COMPRESSOR,0.000,0.000,8.900,8.900,,,VIC,Iona Hub,530016,2026/08/20 08:35:03
2026/08/19,Iona UGS,530042,STOR,12.910,120.850,0.000,0.000,13632.989,0.000,VIC,Iona Hub,530016,2026/08/20 08:30:02
2026/08/19,Jeerelang,533161,BBGPG,0.000,0.000,0.000,0.000,,,VIC,Gippsland,590009,2026/08/25 11:00:04
2026/08/19,Jordan,540088,PROD,0.000,334.231,0.000,0.000,,,QLD,Regional - QLD,590001,2026/08/20 10:35:27
2026/08/19,Katherine Power Station,580233,BBGPG,0.001,0.000,0.000,0.000,,,NT,Regional - NT,590017,2026/08/20 12:46:30
2026/08/19,Kenya,540075,PROD,0.000,109.591,0.000,0.000,,,QLD,Regional - QLD,590001,2026/08/20 10:35:27
2026/08/19,Kincora,544253,PROD,0.000,4.000,0.000,0.000,,,QLD,Regional - QLD,590001,2026/08/20 12:46:30
2026/08/19,KKLP,523209,PIPE,0.001,0.000,0.000,0.000,,,NSW,Sydney,520008,2026/08/20 12:46:30
2026/08/19,Kogan North,540061,PROD,0.000,4.176,0.000,0.000,,,QLD,Regional - QLD,590001,2026/08/20 12:46:30
2026/08/19,Ladbroke Grove PS,555086,BBGPG,0.000,0.000,0.000,0.000,,,SA,Regional - SA,590013,2026/08/20 12:46:30
2026/08/19,Lang Lang,530039,PROD,0.000,18.910,0.000,0.000,,,VIC,Gippsland,590009,2026/08/20 08:55:18
2026/08/19,Laverton,533201,BBGPG,0.000,0.000,0.000,0.000,,,VIC,Geelong,590005,2026/08/25 11:00:04
2026/08/19,Longford,530040,PROD,0.000,597.766,0.000,0.000,,,VIC,Longford Hub,530015,2026/08/20 07:38:17
2026/08/19,Loy Yang B,533163,BBGPG,0.128,0.000,0.000,0.000,,,VIC,Gippsland,590009,2026/08/20 11:01:32
2026/08/19,LYB Transmission Pipeline,535023,PIPE,0.128,0.000,0.303,0.000,,,VIC,Gippsland,590009,2026/08/20 11:01:32
2026/08/19,MAPS,550054,PIPE,30.734,0.000,0.000,0.000,,,SA,Adelaide,550016,2026/08/20 11:31:05
2026/08/19,MAPS,550054,PIPE,0.000,36.900,94.312,0.000,,,SA,Moomba Hub,550017,2026/08/20 11:31:05
2026/08/19,MAPS,550054,PIPE,74.820,0.000,15.001,0.000,,,SA,Regional - SA,590013,2026/08/20 11:31:05
2026/08/19,McArthur River Mine,580220,BBGPG,9.290,0.000,0.000,0.000,,,NT,Regional - NT,590017,2026/08/20 08:58:33
2026/08/19,MCF,550050,COMPRESSOR,0.000,0.000,86.341,86.341,,,SA,Moomba Hub,550017,2026/08/20 12:46:30
2026/08/19,Mereenie,580040,PROD,0.000,24.170,0.000,0.000,,,NT,Regional - NT,590017,2026/08/20 10:55:59
2026/08/19,Meridian,540064,PROD,0.000,47.953,0.000,0.000,,,QLD,Regional - QLD,590001,2026/08/20 09:39:13
2026/08/19,Mintaro Power Station,555031,BBGPG,0.000,0.000,0.000,0.000,,,SA,Regional - SA,590013,2026/08/20 11:31:05
2026/08/19,Moomba,550045,PROD,0.000,217.600,0.000,0.000,,,SA,Moomba Hub,550017,2026/08/24 10:22:02
2026/08/19,Moomba Storage,550046,STOR,0.000,0.900,0.000,0.000,6303.700,0.000,SA,Moomba Hub,550017,2026/08/24 10:22:02
2026/08/19,Mortlake PS,530063,BBGPG,0.000,0.000,0.000,0.000,,,VIC,Regional - VIC,590012,2026/08/20 07:20:00
2026/08/19,MPL,530061,PIPE,0.000,0.000,0.000,0.000,,,VIC,Iona Hub,530016,2026/08/20 07:20:00
2026/08/19,MPL,530061,PIPE,0.000,0.000,0.000,0.000,,,VIC,Regional - VIC,590012,2026/08/20 07:20:00
2026/08/19,MRP,580100,PIPE,9.290,0.000,9.291,0.000,,,NT,Regional - NT,590017,2026/08/20 08:58:33
2026/08/19,MSP,520053,PIPE,131.522,0.000,0.000,0.000,,,NSW,Sydney,520008,2026/08/20 12:46:30
2026/08/19,MSP,520053,PIPE,0.000,0.000,21.753,21.719,,,SA,Moomba Hub,550017,2026/08/20 12:46:30
2026/08/19,MSP,520053,PIPE,35.705,0.000,0.000,4.463,,,NSW,Regional - NSW,590011,2026/08/20 12:46:30
2026/08/19,MSP,520053,PIPE,8.725,0.000,0.000,0.000,,,NSW,Regional - ACT,590015,2026/08/20 12:46:30
2026/08/19,MSP,520053,PIPE,0.000,0.000,133.227,0.000,,,NSW,Culcairn,590016,2026/08/20 12:46:30
2026/08/19,Newport,533171,BBGPG,0.004,0.000,0.000,0.000,,,VIC,Melbourne,590008,2026/08/25 11:00:04
2026/08/19,NGP,580050,PIPE,0.000,0.000,0.000,0.000,,,QLD,Regional - QLD,590001,2026/08/20 12:01:39
2026/08/19,NGP,580050,PIPE,0.000,0.000,0.000,0.000,,,NT,Regional - NT,590017,2026/08/20 12:01:39
2026/08/19,NGS,520060,STOR,0.360,0.916,0.000,0.000,673.710,76.793,NSW,Sydney,520008,2026/08/20 07:33:03
2026/08/19,Oakey PS,544095,BBGPG,0.000,0.000,0.000,0.000,,,QLD,Regional - QLD,590001,2026/08/20 12:46:30
2026/08/19,Orana,540084,PROD,0.000,168.193,0.000,0.000,,,QLD,Regional - QLD,590001,2026/08/24 12:44:36
2026/08/19,Orbost,530041,PROD,0.000,68.473,0.000,0.000,,,VIC,Regional - VIC,590012,2026/08/20 12:01:05
2026/08/19,Orica,544011,BBLARGE,9.891,0.000,0.000,0.000,,,QLD,Regional - QLD,590001,2026/08/20 12:01:07
2026/08/19,Orica (Kooragang Island),523206,BBLARGE,39.332,0.000,0.000,0.000,,,NSW,Sydney,520008,2026/08/20 13:00:00
2026/08/19,Osborne,555033,BBGPG,18.253,0.000,0.000,0.000,,,SA,Regional - SA,590013,2026/08/20 11:31:05
2026/08/19,Otway,530044,PROD,0.000,155.146,0.000,0.000,,,VIC,Iona Hub,530016,2026/08/20 12:31:29
2026/08/19,Owen Springs Power Station,580235,BBGPG,0.313,0.000,0.000,0.000,,,NT,Regional - NT,590017,2026/08/20 06:41:22
2026/08/19,Palm Valley,580060,PROD,0.000,5.638,0.000,0.000,,,NT,Regional - NT,590017,2026/08/20 10:55:59
2026/08/19,PCA,550052,PIPE,0.002,14.044,60.905,0.000,,,VIC,Iona Hub,530016,2026/08/20 07:20:01
2026/08/19,PCA,550052,PIPE,28.121,0.000,0.000,0.000,,,SA,Adelaide,550016,2026/08/20 07:20:01
2026/08/19,PCA,550052,PIPE,0.000,0.000,0.000,7.702,,,VIC,Regional - VIC,590012,2026/08/20 07:20:01
2026/08/19,PCA,550052,PIPE,11.489,0.000,0.000,15.000,,,SA,Regional - SA,590013,2026/08/20 07:20:01
2026/08/19,PCI,530060,PIPE,0.000,165.932,0.000,165.932,,,VIC,Iona Hub,530016,2026/08/20 07:20:01
2026/08/19,Peat,540065,PROD,0.000,11.857,0.000,0.000,,,QLD,Regional - QLD,590001,2026/08/24 12:44:36
2026/08/19,Pelican Point Power Station,555089,BBGPG,19.603,0.000,0.000,0.000,,,SA,Regional - SA,590013,2026/08/20 07:20:01
2026/08/19,Phosphate Hill,544081,BBLARGE,26.175,0.000,0.000,0.000,,,QLD,Regional - QLD,590001,2026/08/20 12:46:30
2026/08/19,Pipeline Compression Station,544279,COMPRESSOR,0.000,0.000,0.000,0.000,,,QLD,Regional - QLD,590001,2026/08/20 10:58:06
2026/08/19,PVP,580070,PIPE,0.733,0.000,0.858,0.000,,,NT,Regional - NT,590017,2026/08/20 06:41:22
2026/08/19,QCLNG LNG Plant,544272,LNGEXPORT,1504.287,0.000,0.000,0.000,,,QLD,Curtis Island,540030,2026/08/20 10:35:27
2026/08/19,QGP,540058,PIPE,0.000,0.000,15.065,0.000,,,QLD,Wallumbilla Hub,540032,2026/08/20 12:01:07
2026/08/19,QGP,540058,PIPE,111.098,26.261,76.885,0.000,,,QLD,Regional - QLD,590001,2026/08/20 12:01:07
2026/08/19,Quarantine Power Station,555087,BBGPG,0.000,0.000,0.000,0.000,,,SA,Regional - SA,590013,2026/08/20 11:31:05
2026/08/19,Queensland Aluminia,544012,BBLARGE,31.300,0.000,0.000,0.000,,,QLD,Regional - QLD,590001,2026/08/20 12:01:07
2026/08/19,RBP,540057,PIPE,0.000,0.000,0.000,24.500,,,QLD,Wallumbilla Hub,540032,2026/08/20 12:46:30
2026/08/19,RBP,540057,PIPE,4.056,20.033,52.919,0.000,,,QLD,Regional - QLD,590001,2026/08/20 12:46:30
2026/08/19,RBP,540057,PIPE,47.716,0.000,0.000,0.000,,,QLD,Brisbane,590002,2026/08/20 12:46:30
2026/08/19,RCWP,540102,PIPE,0.000,0.000,3.857,0.000,,,QLD,Wallumbilla Hub,540032,2026/08/20 12:46:30
2026/08/19,RCWP,540102,PIPE,0.000,0.000,33.688,36.368,,,QLD,Regional - QLD,590001,2026/08/20 12:46:30
2026/08/19,Reedy Creek,540085,PROD,0.000,198.712,0.000,0.000,,,QLD,Regional - QLD,590001,2026/08/24 12:44:36
2026/08/19,RMNGPF,640011,PROD,0.000,16.240,0.000,0.000,,,QLD,Regional - QLD,590001,2026/08/20 09:25:46
2026/08/19,RNMGP,640012,PIPE,0.000,16.240,0.000,16.240,,,QLD,Regional - QLD,590001,2026/08/20 09:25:46
2026/08/19,RNP,640009,PIPE,0.000,23.120,0.000,23.120,,,QLD,Regional - QLD,590001,2026/08/20 12:01:10
2026/08/19,Rolleston,540073,PROD,0.000,9.551,0.000,0.000,,,QLD,Regional - QLD,590001,2026/08/20 12:01:07
2026/08/19,Roma,540095,PROD,0.000,232.921,0.000,0.000,,,QLD,Regional - QLD,590001,2026/08/20 10:58:18
2026/08/19,Roma North,544260,PROD,0.000,23.120,0.000,0.000,,,QLD,Regional - QLD,590001,2026/08/20 12:01:40
2026/08/19,Roma Power Station,540120,BBGPG,0.000,0.000,0.000,0.000,,,QLD,Regional - QLD,590001,2026/08/20 11:46:57
2026/08/19,Ron Goodin Power Station,580234,BBGPG,0.000,0.000,0.000,0.000,,,NT,Regional - NT,590017,2026/08/20 06:41:22
2026/08/19,RPL,540110,PIPE,0.061,0.000,0.000,0.000,,,QLD,Regional - QLD,590001,2026/08/20 11:46:57
2026/08/19,Ruby Jo,540082,PROD,0.000,427.515,0.000,0.000,,,QLD,Regional - QLD,590001,2026/08/20 10:35:27
2026/08/19,RUGS,540040,STOR,0.000,0.000,0.000,0.000,15145.336,0.000,QLD,Regional - QLD,590001,2026/08/20 10:58:18
2026/08/19,Scotia,540072,PROD,0.000,101.740,0.000,0.000,,,QLD,Regional - QLD,590001,2026/08/20 10:58:18
2026/08/19,SEPS,550061,PIPE,7.495,0.000,7.516,0.000,,,SA,Regional - SA,590013,2026/08/20 11:32:05
2026/08/19,SESA,550060,PIPE,0.000,0.000,7.699,0.000,,,VIC,Regional - VIC,590012,2026/08/20 12:46:30
2026/08/19,SESA,550060,PIPE,0.000,0.000,0.000,7.512,,,SA,Regional - SA,590013,2026/08/20 12:46:30
2026/08/19,Shoalhaven Starches Cogeneration Plant,523203,BBLARGE,22.365,0.000,0.000,0.000,,,NSW,Regional - NSW,590011,2026/08/20 12:50:43
2026/08/19,Smithfield Energy Facility,522004,BBGPG,0.000,0.000,0.000,0.000,,,NSW,Regional - NSW,590011,2026/08/20 12:05:51
2026/08/19,Snapper Point,555090,BBGPG,0.000,0.000,0.000,0.000,,,SA,Regional - SA,590013,2026/08/20 11:31:05
2026/08/19,Somerton,533174,BBGPG,1.156,0.000,0.000,0.000,,,VIC,Melbourne,590008,2026/08/25 11:00:04
2026/08/19,Spring Gully,540066,PROD,0.000,53.564,0.000,0.000,,,QLD,Regional - QLD,590001,2026/08/24 12:44:36
2026/08/19,SSP,540103,PIPE,0.000,6.080,0.000,6.080,,,QLD,Regional - QLD,590001,2026/08/20 09:47:08
2026/08/19,SSSF,540062,STOR,0.000,7.500,0.000,0.000,8558.702,0.000,QLD,Regional - QLD,590001,2026/08/20 09:47:08
2026/08/19,Strathblane,540067,PROD,0.000,51.158,0.000,0.000,,,QLD,Regional - QLD,590001,2026/08/24 12:44:36
2026/08/19,Swanbank Power Station,544104,BBGPG,0.000,0.000,0.000,0.000,,,QLD,Brisbane,590002,2026/08/20 12:46:30
2026/08/19,SWQP,540060,PIPE,0.000,0.000,249.745,189.623,,,QLD,Wallumbilla Hub,540032,2026/08/20 12:46:30
2026/08/19,SWQP,540060,PIPE,0.000,0.000,0.000,71.848,,,QLD,Ballera,540078,2026/08/20 12:46:30
2026/08/19,SWQP,540060,PIPE,0.000,180.687,0.000,94.346,,,SA,Moomba Hub,550017,2026/08/20 12:46:30
2026/08/19,SWQP,540060,PIPE,0.121,0.000,0.000,0.000,,,QLD,Regional - QLD,590001,2026/08/20 12:46:30
2026/08/19,Talinga,540076,PROD,0.000,82.785,0.000,0.000,,,QLD,Regional - QLD,590001,2026/08/24 12:44:36
2026/08/19,Tallawarra,522002,BBGPG,0.000,0.000,0.000,0.000,,,NSW,Regional - NSW,590011,2026/08/20 11:00:05
2026/08/19,Tallawarra Pipeline,523201,PIPE,0.000,0.000,0.000,0.000,,,NSW,Regional - NSW,590011,2026/08/20 11:00:05
2026/08/19,Taloona,540068,PROD,0.000,40.257,0.000,0.000,,,QLD,Regional - QLD,590001,2026/08/24 12:44:36
2026/08/19,Tanami GP,580210,PIPE,8.803,0.000,7.499,0.000,,,NT,Regional - NT,590017,2026/08/20 12:02:19
2026/08/19,TGP,570050,PIPE,0.000,0.000,72.613,42.992,,,VIC,Longford Hub,530015,2026/08/21 12:01:00
2026/08/19,TGP,570050,PIPE,45.659,0.000,0.000,0.000,,,TAS,Regional - TAS,590014,2026/08/21 12:01:00
2026/08/19,Tipton,540051,PROD,0.000,41.563,0.000,0.000,,,QLD,Regional - QLD,590001,2026/08/20 12:30:02
2026/08/19,Torrens Island PS,555041,BBGPG,25.781,0.000,0.000,0.000,,,SA,Regional - SA,590013,2026/08/20 11:31:05
2026/08/19,Uranquinty Power Station,522047,BBGPG,0.000,0.000,0.000,0.000,,,NSW,Regional - NSW,590011,2026/08/20 12:46:30
2026/08/19,Valley Power GPG,535024,BBGPG,0.000,0.000,0.000,0.000,,,VIC,Gippsland,590009,2026/08/20 11:01:32
2026/08/19,VicHub,532005,PIPE,0.000,0.000,5.095,5.095,,,VIC,Longford Hub,530015,2026/08/20 12:01:43
2026/08/19,Viva Energy Refinery,535018,BBLARGE,6.907,0.000,0.000,0.000,,,VIC,Geelong,590005,2026/08/20 07:30:15
2026/08/19,VTS,530110,PIPE,0.000,409.009,48.100,0.001,,,VIC,Longford Hub,530015,2026/08/25 11:00:04
2026/08/19,VTS,530110,PIPE,0.000,101.043,105.024,0.000,,,VIC,Iona Hub,530016,2026/08/25 11:00:04
2026/08/19,VTS,530110,PIPE,11.691,0.000,0.000,0.000,,,VIC,Western,590004,2026/08/25 11:00:04
2026/08/19,VTS,530110,PIPE,56.702,0.000,0.000,0.000,,,VIC,Geelong,590005,2026/08/25 11:00:04
2026/08/19,VTS,530110,PIPE,41.145,0.000,0.000,0.000,,,VIC,Ballarat,590006,2026/08/25 11:00:04
2026/08/19,VTS,530110,PIPE,64.694,0.000,0.000,0.000,,,VIC,Northern,590007,2026/08/25 11:00:04
2026/08/19,VTS,530110,PIPE,338.660,0.273,0.000,0.000,,,VIC,Melbourne,590008,2026/08/25 11:00:04
2026/08/19,VTS,530110,PIPE,34.023,0.000,16.626,0.303,,,VIC,Gippsland,590009,2026/08/25 11:00:04
2026/08/19,VTS,530110,PIPE,0.000,0.000,0.000,133.227,,,NSW,Culcairn,590016,2026/08/25 11:00:04
2026/08/19,Wallumbilla Compression Station,544280,COMPRESSOR,0.000,0.000,0.000,0.000,,,QLD,Wallumbilla Hub,540032,2026/08/20 10:58:06
2026/08/19,WCFA,540045,COMPRESSOR,0.000,0.000,103.102,103.102,,,QLD,Wallumbilla Hub,540032,2026/08/20 12:46:30
2026/08/19,WCFB,540046,COMPRESSOR,0.000,0.000,135.133,135.133,,,QLD,Wallumbilla Hub,540032,2026/08/20 12:46:30
2026/08/19,Weddell Power Station,580232,BBGPG,20.689,0.000,0.000,0.000,,,NT,Darwin,580001,2026/08/20 12:46:30
2026/08/19,WGP,540091,PIPE,1504.287,0.000,0.000,0.000,,,QLD,Curtis Island,540030,2026/08/20 10:35:27
2026/08/19,WGP,540091,PIPE,0.000,1420.638,53.318,0.000,,,QLD,Regional - QLD,590001,2026/08/20 10:35:27
2026/08/19,Whyalla Steelworks,555085,BBLARGE,3.523,0.000,0.000,0.000,,,SA,Regional - SA,590013,2026/08/20 11:31:05
2026/08/19,Windibri,540069,PROD,0.000,89.976,0.000,0.000,,,QLD,Regional - QLD,590001,2026/08/20 10:35:27
2026/08/19,Woleebee Creek,540087,PROD,0.000,642.178,0.000,0.000,,,QLD,Regional - QLD,590001,2026/08/20 10:35:27
2026/08/19,WPP,580030,PIPE,20.689,33.687,0.000,12.994,,,NT,Darwin,580001,2026/08/20 12:46:30
2026/08/19,Yarwun,544282,BBGPG,52.326,0.000,0.000,0.000,,,QLD,Regional - QLD,590001,2026/08/20 12:01:07
2026/08/19,Yelcherr,580180,PROD,0.000,0.000,0.000,0.000,,,NT,Regional - NT,590017,2026/08/20 12:46:30
2026/08/19,Yellowbank,540074,PROD,0.000,12.460,0.000,0.000,,,QLD,Regional - QLD,590001,2026/08/20 12:01:07
2026/08/20,Adelaide Brighton,555091,BBLARGE,9.406,0.000,0.000,0.000,,,SA,Adelaide,550016,2026/09/01 13:00:01
2026/08/20,AGP,580010,PIPE,15.293,0.000,15.532,0.000,,,NT,Darwin,580001,2026/08/21 12:46:30
2026/08/20,AGP,580010,PIPE,7.112,32.044,0.000,18.577,,,NT,Regional - NT,590017,2026/08/21 12:46:30
2026/08/20,APLNG Pipeline,540093,PIPE,1675.879,0.000,0.000,0.000,,,QLD,Curtis Island,540030,2026/08/25 11:30:09
2026/08/20,APLNG Pipeline,540093,PIPE,0.000,1346.710,529.507,193.572,,,QLD,Regional - QLD,590001,2026/08/25 11:30:09
2026/08/20,Arcadia,540101,PROD,0.000,92.452,0.000,0.000,,,QLD,Regional - QLD,590001,2026/08/21 10:58:25
2026/08/20,ATGP,640013,PIPE,0.000,43.004,0.000,43.004,,,QLD,Regional - QLD,590001,2026/08/21 12:01:11
2026/08/20,ATHENA,535014,PROD,0.000,16.672,0.000,0.000,,,VIC,Iona Hub,530016,2026/08/25 09:34:13
2026/08/20,Atlas,544261,PROD,0.000,43.004,0.000,0.000,,,QLD,Regional - QLD,590001,2026/08/21 12:01:16
2026/08/20,Atlas East Central Processing Facility,640008,PROD,0.000,33.690,0.000,0.000,,,QLD,Regional - QLD,590001,2026/08/21 09:26:26
2026/08/20,Atlas to Reedy Creek Pipeline,640007,PIPE,0.000,33.685,0.000,34.166,,,QLD,Regional - QLD,590001,2026/08/21 12:46:30
2026/08/20,Australia Pacific LNG,544273,LNGEXPORT,1675.879,0.000,0.000,0.000,,,QLD,Curtis Island,540030,2026/08/21 12:00:25
2026/08/20,Australian Paper (Opal),535021,BBLARGE,8.659,0.000,0.000,0.000,,,VIC,Gippsland,590009,2026/08/25 11:00:04
2026/08/20,B1PL,540077,PIPE,0.033,41.502,0.000,39.373,,,QLD,Regional - QLD,590001,2026/08/21 11:00:58
2026/08/20,B2PL,540071,PIPE,0.000,53.991,3.010,59.714,,,QLD,Regional - QLD,590001,2026/08/21 12:30:15
2026/08/20,Bairnsdale Power Station,535020,BBGPG,0.000,0.000,0.000,0.000,,,VIC,Regional - VIC,590012,2026/08/21 11:00:57
2026/08/20,BCF,540047,COMPRESSOR,0.000,0.000,62.000,62.000,,,QLD,Regional - QLD,590001,2026/08/25 13:45:56
2026/08/20,Bell Bay CCGT,577016,BBGPG,1.649,0.000,0.000,0.000,,,TAS,Regional - TAS,590014,2026/08/22 12:01:00
2026/08/20,Bell Bay GGT,577014,BBGPG,0.115,0.000,0.000,0.000,,,TAS,Regional - TAS,590014,2026/08/22 12:01:00
2026/08/20,Bell Bay OCGT,577015,BBGPG,0.000,0.000,0.000,0.000,,,TAS,Regional - TAS,590014,2026/08/22 12:01:00
2026/08/20,Bellevue,540083,PROD,0.000,150.650,0.000,0.000,,,QLD,Regional - QLD,590001,2026/08/21 10:35:54
2026/08/20,BGP,580020,PIPE,0.318,0.000,0.000,0.000,,,NT,Regional - NT,590017,2026/08/21 12:46:30
2026/08/20,BlueScope,523204,BBLARGE,12.046,0.000,0.000,0.000,,,NSW,Sydney,520008,2026/08/21 12:01:05
2026/08/20,Bolivar,555008,BBGPG,0.120,0.000,0.000,0.000,,,SA,Regional - SA,590013,2026/08/21 12:50:48
2026/08/20,Bomaderry Gas Pipeline,523202,PIPE,22.727,0.000,21.538,0.000,,,NSW,Regional - NSW,590011,2026/08/22 13:59:11
2026/08/20,BPP,530030,PIPE,2.030,19.260,0.000,17.230,,,VIC,Gippsland,590009,2026/08/25 11:00:04
2026/08/20,Braemar 2 Power Station,544085,BBGPG,0.000,0.000,0.000,0.000,,,QLD,Regional - QLD,590001,2026/08/21 12:30:15
2026/08/20,Braemar Power Station,544252,BBGPG,0.033,0.000,0.000,0.000,,,QLD,Regional - QLD,590001,2026/08/21 11:00:58
2026/08/20,BWP,540096,PIPE,0.000,0.000,0.000,4.818,,,QLD,Wallumbilla Hub,540032,2026/08/21 12:46:30
2026/08/20,BWP,540096,PIPE,0.000,5.051,0.000,0.000,,,QLD,Regional - QLD,590001,2026/08/21 12:46:30
2026/08/20,CGP,540059,PIPE,0.000,0.000,61.991,0.000,,,QLD,Ballera,540078,2026/08/21 12:46:30
2026/08/20,CGP,540059,PIPE,68.507,0.000,0.000,0.000,,,QLD,Regional - QLD,590001,2026/08/21 12:46:30
2026/08/20,Channel Island Power Station,580231,BBGPG,15.293,0.000,0.000,0.000,,,NT,Darwin,580001,2026/08/21 12:46:30
2026/08/20,Colongra,523120,BBGPG,1.217,0.000,0.000,0.000,,,NSW,Regional - NSW,590011,2026/08/21 12:00:05
2026/08/20,ColongraGP,520090,PIPE,0.000,0.000,0.000,0.000,,,NSW,Sydney,520008,2026/08/21 12:00:05
2026/08/20,ColongraGP,520090,PIPE,1.217,0.000,0.000,0.000,,,NSW,Regional - NSW,590011,2026/08/21 12:00:05
2026/08/20,Combabula,540094,PROD,0.000,292.139,0.000,0.000,,,QLD,Regional - QLD,590001,2026/08/25 11:30:09
2026/08/20,Condabri Central,540080,PROD,0.000,141.844,0.000,0.000,,,QLD,Regional - QLD,590001,2026/08/25 11:30:09
2026/08/20,Condabri North,540090,PROD,0.000,165.436,0.000,0.000,,,QLD,Regional - QLD,590001,2026/08/25 11:30:09
2026/08/20,Condabri South,540086,PROD,0.000,156.016,0.000,0.000,,,QLD,Regional - QLD,590001,2026/08/25 11:30:09
2026/08/20,Condamine Power Station,544274,BBGPG,0.000,0.000,0.000,0.000,,,QLD,Regional - QLD,590001,2026/08/21 10:35:39
2026/08/20,CRWP,540098,PIPE,0.000,0.000,152.634,0.000,,,QLD,Wallumbilla Hub,540032,2026/08/21 10:58:06
2026/08/20,CRWP,540098,PIPE,0.000,233.445,39.087,462.279,,,QLD,Regional - QLD,590001,2026/08/21 10:58:06
2026/08/20,CWP,520054,PIPE,3.954,0.000,3.531,0.000,,,NSW,Regional - NSW,590011,2026/08/21 12:46:30
2026/08/20,Daandine,540050,PROD,0.000,53.987,0.000,0.000,,,QLD,Regional - QLD,590001,2026/08/21 12:30:15
2026/08/20,Dandenong LNG,530038,STOR,0.000,0.302,0.000,0.000,608.104,27.889,VIC,Melbourne,590008,2026/08/21 12:46:30
2026/08/20,DDP,540097,PIPE,0.000,0.000,0.000,212.431,,,QLD,Wallumbilla Hub,540032,2026/09/02 10:01:10
2026/08/20,DDP,540097,PIPE,0.003,570.032,133.364,494.135,,,QLD,Regional - QLD,590001,2026/09/02 10:01:10
2026/08/20,DDPS,544027,BBGPG,0.003,0.000,0.000,0.000,,,QLD,Regional - QLD,590001,2026/09/02 10:01:10
2026/08/20,Diamantina Power Station,544077,BBGPG,31.255,0.000,0.000,0.000,,,QLD,Regional - QLD,590001,2026/08/21 12:46:30
2026/08/20,Dry Creek Power Station,555026,BBGPG,0.000,0.000,0.000,0.000,,,SA,Regional - SA,590013,2026/08/21 11:31:05
2026/08/20,EGP,520047,PIPE,102.674,0.000,0.000,0.000,,,NSW,Sydney,520008,2026/08/21 12:01:05
2026/08/20,EGP,520047,PIPE,14.459,0.000,0.000,0.000,,,NSW,Canberra,520009,2026/08/21 12:01:05
2026/08/20,EGP,520047,PIPE,0.000,90.451,0.000,97.694,,,VIC,Longford Hub,530015,2026/08/21 12:01:05
2026/08/20,EGP,520047,PIPE,3.904,0.000,0.000,21.538,,,NSW,Regional - NSW,590011,2026/08/21 12:01:05
2026/08/20,EGP,520047,PIPE,1.015,68.509,0.000,0.000,,,VIC,Regional - VIC,590012,2026/08/21 12:01:05
2026/08/20,EO4PL,540055,PIPE,0.000,0.000,0.000,0.000,,,QLD,Regional - QLD,590001,2026/08/21 10:35:54
2026/08/20,Eurombah Creek,540089,PROD,0.000,143.424,0.000,0.000,,,QLD,Regional - QLD,590001,2026/08/25 11:30:09
2026/08/20,Fairview,540070,PROD,0.000,279.144,0.000,0.000,,,QLD,Regional - QLD,590001,2026/08/21 10:58:25
2026/08/20,GLNG (Curtis Island),544276,LNGEXPORT,998.083,0.000,0.000,0.000,,,QLD,Curtis Island,540030,2026/08/21 10:58:06
2026/08/20,GLNG Pipeline,540092,PIPE,998.083,0.000,0.000,0.000,,,QLD,Curtis Island,540030,2026/08/21 10:58:06
2026/08/20,GLNG Pipeline,540092,PIPE,0.000,416.206,488.100,0.000,,,QLD,Regional - QLD,590001,2026/08/21 10:35:54
2026/08/20,Hallett,555029,BBGPG,0.000,0.000,0.000,0.000,,,SA,Regional - SA,590013,2026/08/21 11:31:05
2026/08/20,Hunter Power Station,523210,BBGPG,0.002,0.000,0.000,0.000,,,NSW,Sydney,520008,2026/08/21 12:46:30
2026/08/20,ICF,530071,COMPRESSOR,0.000,0.000,9.700,9.700,,,VIC,Iona Hub,530016,2026/08/21 08:35:03
2026/08/20,Iona UGS,530042,STOR,21.712,184.287,0.000,0.000,13470.414,0.000,VIC,Iona Hub,530016,2026/08/21 08:30:02
2026/08/20,Jeerelang,533161,BBGPG,0.000,0.000,0.000,0.000,,,VIC,Gippsland,590009,2026/08/25 11:00:04
2026/08/20,Jordan,540088,PROD,0.000,333.691,0.000,0.000,,,QLD,Regional - QLD,590001,2026/08/21 10:35:54
2026/08/20,Katherine Power Station,580233,BBGPG,0.011,0.000,0.000,0.000,,,NT,Regional - NT,590017,2026/08/21 12:46:30
2026/08/20,Kenya,540075,PROD,0.000,116.863,0.000,0.000,,,QLD,Regional - QLD,590001,2026/08/21 10:35:54
2026/08/20,Kincora,544253,PROD,0.000,4.000,0.000,0.000,,,QLD,Regional - QLD,590001,2026/08/21 12:46:30
2026/08/20,KKLP,523209,PIPE,0.002,0.000,0.000,0.000,,,NSW,Sydney,520008,2026/08/21 12:46:30
2026/08/20,Kogan North,540061,PROD,0.000,4.229,0.000,0.000,,,QLD,Regional - QLD,590001,2026/08/21 12:46:30
2026/08/20,Ladbroke Grove PS,555086,BBGPG,2.866,0.000,0.000,0.000,,,SA,Regional - SA,590013,2026/08/21 12:46:30
2026/08/20,Lang Lang,530039,PROD,0.000,19.260,0.000,0.000,,,VIC,Gippsland,590009,2026/08/21 09:40:13
2026/08/20,Laverton,533201,BBGPG,0.001,0.000,0.000,0.000,,,VIC,Geelong,590005,2026/08/25 11:00:04
2026/08/20,Longford,530040,PROD,0.000,302.042,0.000,0.000,,,VIC,Longford Hub,530015,2026/08/21 13:40:07
2026/08/20,Loy Yang B,533163,BBGPG,8.080,0.000,0.000,0.000,,,VIC,Gippsland,590009,2026/08/21 11:00:47
2026/08/20,LYB Transmission Pipeline,535023,PIPE,8.080,0.000,7.874,0.000,,,VIC,Gippsland,590009,2026/08/21 11:00:47
2026/08/20,MAPS,550054,PIPE,31.569,0.000,0.000,0.000,,,SA,Adelaide,550016,2026/08/21 11:31:05
2026/08/20,MAPS,550054,PIPE,0.000,35.119,80.519,0.000,,,SA,Moomba Hub,550017,2026/08/21 11:31:05
2026/08/20,MAPS,550054,PIPE,106.668,0.000,15.000,0.000,,,SA,Regional - SA,590013,2026/08/21 11:31:05
2026/08/20,McArthur River Mine,580220,BBGPG,9.411,0.000,0.000,0.000,,,NT,Regional - NT,590017,2026/08/21 09:06:18
2026/08/20,MCF,550050,COMPRESSOR,0.000,0.000,0.000,0.000,,,SA,Moomba Hub,550017,2026/08/21 12:46:30
2026/08/20,Mereenie,580040,PROD,0.000,26.417,0.000,0.000,,,NT,Regional - NT,590017,2026/08/21 10:55:42
2026/08/20,Meridian,540064,PROD,0.000,48.859,0.000,0.000,,,QLD,Regional - QLD,590001,2026/08/21 09:38:58
2026/08/20,Mintaro Power Station,555031,BBGPG,0.000,0.000,0.000,0.000,,,SA,Regional - SA,590013,2026/08/21 11:31:05
2026/08/20,Moomba,550045,PROD,0.000,180.000,0.000,0.000,,,SA,Moomba Hub,550017,2026/08/25 13:45:56
2026/08/20,Moomba Storage,550046,STOR,0.000,0.000,0.000,0.000,6303.600,0.000,SA,Moomba Hub,550017,2026/08/25 13:45:56
2026/08/20,Mortlake PS,530063,BBGPG,0.000,0.000,0.000,0.000,,,VIC,Regional - VIC,590012,2026/08/21 07:20:00
2026/08/20,MPL,530061,PIPE,0.000,0.000,0.000,0.000,,,VIC,Iona Hub,530016,2026/08/21 07:20:00
2026/08/20,MPL,530061,PIPE,0.000,0.000,0.000,0.000,,,VIC,Regional - VIC,590012,2026/08/21 07:20:00
2026/08/20,MRP,580100,PIPE,9.411,0.000,9.412,0.000,,,NT,Regional - NT,590017,2026/08/21 09:06:18
2026/08/20,MSP,520053,PIPE,148.576,0.000,0.000,0.000,,,NSW,Sydney,520008,2026/08/21 12:46:30
2026/08/20,MSP,520053,PIPE,0.000,0.000,95.403,0.000,,,SA,Moomba Hub,550017,2026/08/21 12:46:30
2026/08/20,MSP,520053,PIPE,35.244,0.000,0.000,3.531,,,NSW,Regional - NSW,590011,2026/08/21 12:46:30
2026/08/20,MSP,520053,PIPE,5.807,0.000,0.000,0.000,,,NSW,Regional - ACT,590015,2026/08/21 12:46:30
2026/08/20,MSP,520053,PIPE,0.000,0.000,90.039,0.000,,,NSW,Culcairn,590016,2026/08/21 12:46:30
2026/08/20,Newport,533171,BBGPG,0.005,0.000,0.000,0.000,,,VIC,Melbourne,590008,2026/08/25 11:00:04
2026/08/20,NGP,580050,PIPE,0.000,0.000,0.000,0.000,,,QLD,Regional - QLD,590001,2026/08/21 12:01:14
2026/08/20,NGP,580050,PIPE,0.000,0.000,0.000,0.000,,,NT,Regional - NT,590017,2026/08/21 12:01:14
2026/08/20,NGS,520060,STOR,0.110,0.871,0.000,0.000,672.528,76.793,NSW,Sydney,520008,2026/08/21 09:30:18
2026/08/20,Oakey PS,544095,BBGPG,0.000,0.000,0.000,0.000,,,QLD,Regional - QLD,590001,2026/08/21 12:46:30
2026/08/20,Orana,540084,PROD,0.000,167.896,0.000,0.000,,,QLD,Regional - QLD,590001,2026/08/25 11:30:09
2026/08/20,Orbost,530041,PROD,0.000,68.509,0.000,0.000,,,VIC,Regional - VIC,590012,2026/08/21 12:01:05
2026/08/20,Orica,544011,BBLARGE,8.898,0.000,0.000,0.000,,,QLD,Regional - QLD,590001,2026/08/21 12:01:08
2026/08/20,Orica (Kooragang Island),523206,BBLARGE,39.390,0.000,0.000,0.000,,,NSW,Sydney,520008,2026/08/21 13:00:00
2026/08/20,Osborne,555033,BBGPG,26.235,0.000,0.000,0.000,,,SA,Regional - SA,590013,2026/08/21 11:31:05
2026/08/20,Otway,530044,PROD,0.000,160.059,0.000,0.000,,,VIC,Iona Hub,530016,2026/08/21 12:36:07
2026/08/20,Owen Springs Power Station,580235,BBGPG,0.156,0.000,0.000,0.000,,,NT,Regional - NT,590017,2026/08/21 06:41:29
2026/08/20,Palm Valley,580060,PROD,0.000,5.627,0.000,0.000,,,NT,Regional - NT,590017,2026/08/21 10:55:42
2026/08/20,PCA,550052,PIPE,0.000,15.329,43.886,1.920,,,VIC,Iona Hub,530016,2026/08/21 07:20:01
2026/08/20,PCA,550052,PIPE,29.124,0.000,0.000,0.000,,,SA,Adelaide,550016,2026/08/21 07:20:01
2026/08/20,PCA,550052,PIPE,0.000,0.000,0.000,10.710,,,VIC,Regional - VIC,590012,2026/08/21 07:20:01
2026/08/20,PCA,550052,PIPE,0.725,0.000,0.000,14.998,,,SA,Regional - SA,590013,2026/08/21 07:20:01
2026/08/20,PCI,530060,PIPE,0.000,171.132,1.920,173.052,,,VIC,Iona Hub,530016,2026/08/21 07:20:01
2026/08/20,Peat,540065,PROD,0.000,11.865,0.000,0.000,,,QLD,Regional - QLD,590001,2026/08/25 11:30:09
2026/08/20,Pelican Point Power Station,555089,BBGPG,25.749,0.000,0.000,0.000,,,SA,Regional - SA,590013,2026/08/21 07:20:01
2026/08/20,Phosphate Hill,544081,BBLARGE,26.072,0.000,0.000,0.000,,,QLD,Regional - QLD,590001,2026/08/21 12:46:30
2026/08/20,Pipeline Compression Station,544279,COMPRESSOR,0.000,0.000,0.000,0.000,,,QLD,Regional - QLD,590001,2026/08/21 10:58:06
2026/08/20,PVP,580070,PIPE,0.580,0.000,0.665,0.000,,,NT,Regional - NT,590017,2026/08/21 06:41:29
2026/08/20,QCLNG LNG Plant,544272,LNGEXPORT,1489.249,0.000,0.000,0.000,,,QLD,Curtis Island,540030,2026/08/21 10:35:54
2026/08/20,QGP,540058,PIPE,0.000,0.000,5.754,0.000,,,QLD,Wallumbilla Hub,540032,2026/08/21 12:01:08
2026/08/20,QGP,540058,PIPE,108.948,24.185,76.886,0.000,,,QLD,Regional - QLD,590001,2026/08/21 12:01:08
2026/08/20,Quarantine Power Station,555087,BBGPG,0.495,0.000,0.000,0.000,,,SA,Regional - SA,590013,2026/08/21 11:31:05
2026/08/20,Queensland Aluminia,544012,BBLARGE,32.129,0.000,0.000,0.000,,,QLD,Regional - QLD,590001,2026/08/21 12:01:08
2026/08/20,RBP,540057,PIPE,0.000,0.000,4.835,14.533,,,QLD,Wallumbilla Hub,540032,2026/08/21 12:46:30
2026/08/20,RBP,540057,PIPE,4.019,20.094,46.873,3.010,,,QLD,Regional - QLD,590001,2026/08/21 12:46:30
2026/08/20,RBP,540057,PIPE,49.934,0.000,0.000,0.000,,,QLD,Brisbane,590002,2026/08/21 12:46:30
2026/08/20,RCWP,540102,PIPE,0.000,0.000,0.000,0.000,,,QLD,Wallumbilla Hub,540032,2026/08/21 12:46:30
2026/08/20,RCWP,540102,PIPE,0.000,0.000,34.166,35.372,,,QLD,Regional - QLD,590001,2026/08/21 12:46:30
2026/08/20,Reedy Creek,540085,PROD,0.000,198.500,0.000,0.000,,,QLD,Regional - QLD,590001,2026/08/25 11:30:09
2026/08/20,RMNGPF,640011,PROD,0.000,16.510,0.000,0.000,,,QLD,Regional - QLD,590001,2026/08/21 09:26:09
2026/08/20,RNMGP,640012,PIPE,0.000,16.510,0.000,16.510,,,QLD,Regional - QLD,590001,2026/08/21 09:26:09
2026/08/20,RNP,640009,PIPE,0.000,22.577,0.000,22.577,,,QLD,Regional - QLD,590001,2026/08/21 12:01:09
2026/08/20,Rolleston,540073,PROD,0.000,8.437,0.000,0.000,,,QLD,Regional - QLD,590001,2026/08/21 12:01:08
2026/08/20,Roma,540095,PROD,0.000,233.381,0.000,0.000,,,QLD,Regional - QLD,590001,2026/08/21 10:58:34
2026/08/20,Roma North,544260,PROD,0.000,22.577,0.000,0.000,,,QLD,Regional - QLD,590001,2026/08/21 12:01:15
2026/08/20,Roma Power Station,540120,BBGPG,0.000,0.000,0.000,0.000,,,QLD,Regional - QLD,590001,2026/08/21 12:41:58
2026/08/20,Ron Goodin Power Station,580234,BBGPG,0.000,0.000,0.000,0.000,,,NT,Regional - NT,590017,2026/08/21 06:41:29
2026/08/20,RPL,540110,PIPE,0.058,0.000,0.000,0.000,,,QLD,Regional - QLD,590001,2026/08/21 12:41:58
2026/08/20,Ruby Jo,540082,PROD,0.000,426.634,0.000,0.000,,,QLD,Regional - QLD,590001,2026/08/21 10:35:54
2026/08/20,RUGS,540040,STOR,0.000,0.000,0.000,0.000,15145.336,0.000,QLD,Regional - QLD,590001,2026/08/21 10:58:34
2026/08/20,Scotia,540072,PROD,0.000,102.857,0.000,0.000,,,QLD,Regional - QLD,590001,2026/08/21 10:58:34
2026/08/20,SEPS,550061,PIPE,7.788,0.000,7.793,0.000,,,SA,Regional - SA,590013,2026/08/21 11:32:05
2026/08/20,SESA,550060,PIPE,0.000,0.000,10.711,0.000,,,VIC,Regional - VIC,590012,2026/08/21 12:46:30
2026/08/20,SESA,550060,PIPE,2.866,0.000,0.000,7.795,,,SA,Regional - SA,590013,2026/08/21 12:46:30
2026/08/20,Shoalhaven Starches Cogeneration Plant,523203,BBLARGE,22.727,0.000,0.000,0.000,,,NSW,Regional - NSW,590011,2026/08/22 13:59:11
2026/08/20,Smithfield Energy Facility,522004,BBGPG,0.000,0.000,0.000,0.000,,,NSW,Regional - NSW,590011,2026/08/21 12:51:42
2026/08/20,Snapper Point,555090,BBGPG,0.000,0.000,0.000,0.000,,,SA,Regional - SA,590013,2026/08/21 11:31:05
2026/08/20,Somerton,533174,BBGPG,1.950,0.000,0.000,0.000,,,VIC,Melbourne,590008,2026/08/25 11:00:04
2026/08/20,Spring Gully,540066,PROD,0.000,53.691,0.000,0.000,,,QLD,Regional - QLD,590001,2026/08/25 11:30:09
2026/08/20,SSP,540103,PIPE,0.000,6.410,0.000,6.410,,,QLD,Regional - QLD,590001,2026/08/21 09:30:39
2026/08/20,SSSF,540062,STOR,0.000,7.500,0.000,0.000,8552.292,0.000,QLD,Regional - QLD,590001,2026/08/21 09:30:39
2026/08/20,Strathblane,540067,PROD,0.000,47.075,0.000,0.000,,,QLD,Regional - QLD,590001,2026/08/25 11:30:09
2026/08/20,Swanbank Power Station,544104,BBGPG,0.000,0.000,0.000,0.000,,,QLD,Brisbane,590002,2026/08/21 12:46:30
2026/08/20,SWQP,540060,PIPE,0.000,0.000,231.782,163.223,,,QLD,Wallumbilla Hub,540032,2026/08/21 12:46:30
2026/08/20,SWQP,540060,PIPE,0.000,0.000,0.000,66.769,,,QLD,Ballera,540078,2026/08/21 12:46:30
2026/08/20,SWQP,540060,PIPE,0.000,144.883,0.000,175.922,,,SA,Moomba Hub,550017,2026/08/21 12:46:30
2026/08/20,SWQP,540060,PIPE,3.119,0.000,0.000,0.000,,,QLD,Regional - QLD,590001,2026/08/21 12:46:30
2026/08/20,Talinga,540076,PROD,0.000,83.277,0.000,0.000,,,QLD,Regional - QLD,590001,2026/08/25 11:30:09
2026/08/20,Tallawarra,522002,BBGPG,0.000,0.000,0.000,0.000,,,NSW,Regional - NSW,590011,2026/08/21 11:00:04
2026/08/20,Tallawarra Pipeline,523201,PIPE,0.000,0.000,0.000,0.000,,,NSW,Regional - NSW,590011,2026/08/21 11:00:04
2026/08/20,Taloona,540068,PROD,0.000,40.510,0.000,0.000,,,QLD,Regional - QLD,590001,2026/08/25 11:30:09
2026/08/20,Tanami GP,580210,PIPE,8.516,0.000,8.500,0.000,,,NT,Regional - NT,590017,2026/08/21 12:02:00
2026/08/20,TGP,570050,PIPE,0.000,0.000,66.140,59.484,,,VIC,Longford Hub,530015,2026/08/22 12:01:00
2026/08/20,TGP,570050,PIPE,18.139,0.000,0.000,0.000,,,TAS,Regional - TAS,590014,2026/08/22 12:01:00
2026/08/20,Tipton,540051,PROD,0.000,41.502,0.000,0.000,,,QLD,Regional - QLD,590001,2026/08/21 12:30:15
2026/08/20,Torrens Island PS,555041,BBGPG,33.145,0.000,0.000,0.000,,,SA,Regional - SA,590013,2026/08/21 11:31:05
2026/08/20,Uranquinty Power Station,522047,BBGPG,0.000,0.000,0.000,0.000,,,NSW,Regional - NSW,590011,2026/08/21 12:46:30
2026/08/20,Valley Power GPG,535024,BBGPG,0.000,0.000,0.000,0.000,,,VIC,Gippsland,590009,2026/08/21 11:00:47
2026/08/20,VicHub,532005,PIPE,0.000,0.000,31.546,31.546,,,VIC,Longford Hub,530015,2026/08/21 12:01:17
2026/08/20,Viva Energy Refinery,535018,BBLARGE,6.810,0.000,0.000,0.000,,,VIC,Geelong,590005,2026/08/21 07:30:14
2026/08/20,VTS,530110,PIPE,0.000,211.078,91.054,0.003,,,VIC,Longford Hub,530015,2026/08/25 11:00:04
2026/08/20,VTS,530110,PIPE,0.000,152.172,129.165,0.000,,,VIC,Iona Hub,530016,2026/08/25 11:00:04
2026/08/20,VTS,530110,PIPE,12.795,0.000,0.000,0.000,,,VIC,Western,590004,2026/08/25 11:00:04
2026/08/20,VTS,530110,PIPE,57.467,0.000,0.000,0.000,,,VIC,Geelong,590005,2026/08/25 11:00:04
2026/08/20,VTS,530110,PIPE,41.702,0.000,0.000,0.000,,,VIC,Ballarat,590006,2026/08/25 11:00:04
2026/08/20,VTS,530110,PIPE,61.245,0.000,0.000,0.000,,,VIC,Northern,590007,2026/08/25 11:00:04
2026/08/20,VTS,530110,PIPE,338.231,0.196,0.000,0.000,,,VIC,Melbourne,590008,2026/08/25 11:00:04
2026/08/20,VTS,530110,PIPE,31.986,0.000,17.230,7.874,,,VIC,Gippsland,590009,2026/08/25 11:00:04
2026/08/20,VTS,530110,PIPE,0.000,0.000,0.000,90.038,,,NSW,Culcairn,590016,2026/08/25 11:00:04
2026/08/20,Wallumbilla Compression Station,544280,COMPRESSOR,0.000,0.000,0.000,0.000,,,QLD,Wallumbilla Hub,540032,2026/08/21 10:58:06
2026/08/20,WCFA,540045,COMPRESSOR,0.000,0.000,103.191,103.191,,,QLD,Wallumbilla Hub,540032,2026/08/21 12:46:30
2026/08/20,WCFB,540046,COMPRESSOR,0.000,0.000,117.065,117.065,,,QLD,Wallumbilla Hub,540032,2026/08/21 12:46:30
2026/08/20,Weddell Power Station,580232,BBGPG,17.284,0.000,0.000,0.000,,,NT,Darwin,580001,2026/08/21 12:46:30
2026/08/20,WGP,540091,PIPE,1489.249,0.000,0.000,0.000,,,QLD,Curtis Island,540030,2026/08/21 10:35:54
2026/08/20,WGP,540091,PIPE,0.000,1428.103,59.714,0.000,,,QLD,Regional - QLD,590001,2026/08/21 10:35:54
2026/08/20,Whyalla Steelworks,555085,BBLARGE,3.616,0.000,0.000,0.000,,,SA,Regional - SA,590013,2026/08/21 11:31:05
2026/08/20,Windibri,540069,PROD,0.000,89.418,0.000,0.000,,,QLD,Regional - QLD,590001,2026/08/21 10:35:54
2026/08/20,Woleebee Creek,540087,PROD,0.000,642.682,0.000,0.000,,,QLD,Regional - QLD,590001,2026/08/21 10:35:54
2026/08/20,WPP,580030,PIPE,17.284,32.811,0.000,15.532,,,NT,Darwin,580001,2026/08/21 12:46:30
2026/08/20,Yarwun,544282,BBGPG,50.274,0.000,0.000,0.000,,,QLD,Regional - QLD,590001,2026/08/21 12:01:08
2026/08/20,Yelcherr,580180,PROD,0.000,0.000,0.000,0.000,,,NT,Regional - NT,590017,2026/08/21 12:46:30
2026/08/20,Yellowbank,540074,PROD,0.000,11.499,0.000,0.000,,,QLD,Regional - QLD,590001,2026/08/21 12:01:08
2026/08/21,Adelaide Brighton,555091,BBLARGE,8.284,0.000,0.000,0.000,,,SA,Adelaide,550016,2026/09/01 13:00:01
2026/08/21,AGP,580010,PIPE,16.220,0.000,12.333,0.000,,,NT,Darwin,580001,2026/08/22 12:47:31
2026/08/21,AGP,580010,PIPE,7.085,31.755,0.000,19.192,,,NT,Regional - NT,590017,2026/08/22 12:47:31
2026/08/21,APLNG Pipeline,540093,PIPE,1690.791,0.000,0.000,0.000,,,QLD,Curtis Island,540030,2026/08/26 11:30:08
2026/08/21,APLNG Pipeline,540093,PIPE,0.000,1348.754,520.176,185.577,,,QLD,Regional - QLD,590001,2026/08/26 11:30:08
2026/08/21,Arcadia,540101,PROD,0.000,92.535,0.000,0.000,,,QLD,Regional - QLD,590001,2026/08/22 10:43:18
2026/08/21,ATGP,640013,PIPE,0.000,43.008,0.000,43.008,,,QLD,Regional - QLD,590001,2026/08/22 12:01:10
2026/08/21,ATHENA,535014,PROD,0.000,17.470,0.000,0.000,,,VIC,Iona Hub,530016,2026/08/26 12:54:16
2026/08/21,Atlas,544261,PROD,0.000,43.008,0.000,0.000,,,QLD,Regional - QLD,590001,2026/08/22 12:01:15
2026/08/21,Atlas East Central Processing Facility,640008,PROD,0.000,30.140,0.000,0.000,,,QLD,Regional - QLD,590001,2026/08/22 09:16:09
2026/08/21,Atlas to Reedy Creek Pipeline,640007,PIPE,0.000,30.076,0.000,30.970,,,QLD,Regional - QLD,590001,2026/08/22 12:47:31
2026/08/21,Australia Pacific LNG,544273,LNGEXPORT,1690.792,0.000,0.000,0.000,,,QLD,Curtis Island,540030,2026/08/22 12:00:26
2026/08/21,Australian Paper (Opal),535021,BBLARGE,10.691,0.000,0.000,0.000,,,VIC,Gippsland,590009,2026/08/25 11:00:04
2026/08/21,B1PL,540077,PIPE,0.034,41.393,0.000,40.157,,,QLD,Regional - QLD,590001,2026/08/22 11:00:51
2026/08/21,B2PL,540071,PIPE,0.000,53.651,8.008,59.706,,,QLD,Regional - QLD,590001,2026/08/22 10:21:58
2026/08/21,Bairnsdale Power Station,535020,BBGPG,0.000,0.000,0.000,0.000,,,VIC,Regional - VIC,590012,2026/08/22 11:01:01
2026/08/21,BCF,540047,COMPRESSOR,0.000,0.000,71.000,71.000,,,QLD,Regional - QLD,590001,2026/08/26 21:02:13
2026/08/21,Bell Bay CCGT,577016,BBGPG,0.000,0.000,0.000,0.000,,,TAS,Regional - TAS,590014,2026/08/23 12:01:00
2026/08/21,Bell Bay GGT,577014,BBGPG,0.124,0.000,0.000,0.000,,,TAS,Regional - TAS,590014,2026/08/23 12:01:00
2026/08/21,Bell Bay OCGT,577015,BBGPG,0.000,0.000,0.000,0.000,,,TAS,Regional - TAS,590014,2026/08/23 12:01:00
2026/08/21,Bellevue,540083,PROD,0.000,152.081,0.000,0.000,,,QLD,Regional - QLD,590001,2026/08/22 10:35:40
2026/08/21,BGP,580020,PIPE,0.312,0.000,0.000,0.000,,,NT,Regional - NT,590017,2026/08/22 12:47:31
2026/08/21,BlueScope,523204,BBLARGE,11.466,0.000,0.000,0.000,,,NSW,Sydney,520008,2026/08/22 12:01:05
2026/08/21,Bolivar,555008,BBGPG,0.000,0.000,0.000,0.000,,,SA,Regional - SA,590013,2026/08/22 12:02:51
2026/08/21,Bomaderry Gas Pipeline,523202,PIPE,0.000,0.000,22.727,0.000,,,NSW,Regional - NSW,590011,2026/08/22 12:01:05
2026/08/21,BPP,530030,PIPE,2.650,19.570,0.000,16.918,,,VIC,Gippsland,590009,2026/08/25 11:00:04
2026/08/21,Braemar 2 Power Station,544085,BBGPG,0.000,0.000,0.000,0.000,,,QLD,Regional - QLD,590001,2026/08/22 10:21:58
2026/08/21,Braemar Power Station,544252,BBGPG,0.034,0.000,0.000,0.000,,,QLD,Regional - QLD,590001,2026/08/22 11:00:51
2026/08/21,BWP,540096,PIPE,0.000,0.000,0.000,5.178,,,QLD,Wallumbilla Hub,540032,2026/08/22 12:47:31
2026/08/21,BWP,540096,PIPE,0.000,5.051,0.000,0.000,,,QLD,Regional - QLD,590001,2026/08/22 12:47:31
2026/08/21,CGP,540059,PIPE,0.000,0.000,71.040,0.000,,,QLD,Ballera,540078,2026/08/22 12:47:31
2026/08/21,CGP,540059,PIPE,69.978,0.000,0.000,0.000,,,QLD,Regional - QLD,590001,2026/08/22 12:47:31
2026/08/21,Channel Island Power Station,580231,BBGPG,16.220,0.000,0.000,0.000,,,NT,Darwin,580001,2026/08/22 12:47:31
2026/08/21,Colongra,523120,BBGPG,1.022,0.000,0.000,0.000,,,NSW,Regional - NSW,590011,2026/08/22 12:00:05
2026/08/21,ColongraGP,520090,PIPE,0.000,0.000,0.000,0.000,,,NSW,Sydney,520008,2026/08/22 12:00:05
2026/08/21,ColongraGP,520090,PIPE,1.022,0.000,0.000,0.000,,,NSW,Regional - NSW,590011,2026/08/22 12:00:05
2026/08/21,Combabula,540094,PROD,0.000,292.027,0.000,0.000,,,QLD,Regional - QLD,590001,2026/08/26 11:30:08
2026/08/21,Condabri Central,540080,PROD,0.000,141.511,0.000,0.000,,,QLD,Regional - QLD,590001,2026/08/26 11:30:08
2026/08/21,Condabri North,540090,PROD,0.000,164.648,0.000,0.000,,,QLD,Regional - QLD,590001,2026/08/26 11:30:08
2026/08/21,Condabri South,540086,PROD,0.000,156.401,0.000,0.000,,,QLD,Regional - QLD,590001,2026/08/26 11:30:08
2026/08/21,Condamine Power Station,544274,BBGPG,0.000,0.000,0.000,0.000,,,QLD,Regional - QLD,590001,2026/08/22 10:35:28
2026/08/21,CRWP,540098,PIPE,0.000,0.000,158.045,0.000,,,QLD,Wallumbilla Hub,540032,2026/08/22 10:43:05
2026/08/21,CRWP,540098,PIPE,0.000,235.244,39.659,435.883,,,QLD,Regional - QLD,590001,2026/08/22 10:43:05
2026/08/21,CWP,520054,PIPE,4.859,0.000,5.180,0.000,,,NSW,Regional - NSW,590011,2026/08/22 12:47:31
2026/08/21,Daandine,540050,PROD,0.000,53.651,0.000,0.000,,,QLD,Regional - QLD,590001,2026/08/22 10:22:02
2026/08/21,Dandenong LNG,530038,STOR,0.000,0.299,0.000,0.000,607.570,27.889,VIC,Melbourne,590008,2026/08/22 12:47:31
2026/08/21,DDP,540097,PIPE,0.000,0.000,0.000,207.117,,,QLD,Wallumbilla Hub,540032,2026/09/02 10:01:12
2026/08/21,DDP,540097,PIPE,0.002,568.257,133.064,494.802,,,QLD,Regional - QLD,590001,2026/09/02 10:01:12
2026/08/21,DDPS,544027,BBGPG,0.002,0.000,0.000,0.000,,,QLD,Regional - QLD,590001,2026/09/02 10:01:12
2026/08/21,Diamantina Power Station,544077,BBGPG,32.123,0.000,0.000,0.000,,,QLD,Regional - QLD,590001,2026/08/22 12:47:31
2026/08/21,Dry Creek Power Station,555026,BBGPG,0.000,0.000,0.000,0.000,,,SA,Regional - SA,590013,2026/08/22 11:31:05
2026/08/21,EGP,520047,PIPE,112.273,0.000,0.000,0.000,,,NSW,Sydney,520008,2026/08/22 12:01:05
2026/08/21,EGP,520047,PIPE,14.466,0.000,0.000,0.000,,,NSW,Canberra,520009,2026/08/22 12:01:05
2026/08/21,EGP,520047,PIPE,0.000,160.876,0.000,88.188,,,VIC,Longford Hub,530015,2026/08/22 12:01:05
2026/08/21,EGP,520047,PIPE,4.715,0.000,0.000,22.727,,,NSW,Regional - NSW,590011,2026/08/22 12:01:05
2026/08/21,EGP,520047,PIPE,0.929,68.337,0.000,0.000,,,VIC,Regional - VIC,590012,2026/08/22 12:01:05
2026/08/21,EO4PL,540055,PIPE,0.000,0.000,0.000,0.000,,,QLD,Regional - QLD,590001,2026/08/22 10:35:40
2026/08/21,Eurombah Creek,540089,PROD,0.000,145.746,0.000,0.000,,,QLD,Regional - QLD,590001,2026/08/26 11:30:08
2026/08/21,Fairview,540070,PROD,0.000,278.909,0.000,0.000,,,QLD,Regional - QLD,590001,2026/08/22 10:43:18
2026/08/21,GLNG (Curtis Island),544276,LNGEXPORT,862.247,0.000,0.000,0.000,,,QLD,Curtis Island,540030,2026/08/22 10:43:05
2026/08/21,GLNG Pipeline,540092,PIPE,862.247,0.000,0.000,0.000,,,QLD,Curtis Island,540030,2026/08/22 10:43:05
2026/08/21,GLNG Pipeline,540092,PIPE,0.000,412.061,453.923,0.000,,,QLD,Regional - QLD,590001,2026/08/22 10:35:40
2026/08/21,Hallett,555029,BBGPG,0.000,0.000,0.000,0.000,,,SA,Regional - SA,590013,2026/08/22 11:31:05
2026/08/21,Hunter Power Station,523210,BBGPG,0.000,0.000,0.000,0.000,,,NSW,Sydney,520008,2026/08/22 12:47:31
2026/08/21,ICF,530071,COMPRESSOR,0.000,0.000,7.024,7.024,,,VIC,Iona Hub,530016,2026/08/22 08:35:03
2026/08/21,Iona UGS,530042,STOR,7.024,89.796,0.000,0.000,13387.642,0.000,VIC,Iona Hub,530016,2026/08/22 08:30:04
2026/08/21,Jeerelang,533161,BBGPG,0.000,0.000,0.000,0.000,,,VIC,Gippsland,590009,2026/08/25 11:00:04
2026/08/21,Jordan,540088,PROD,0.000,328.456,0.000,0.000,,,QLD,Regional - QLD,590001,2026/08/22 10:35:40
2026/08/21,Katherine Power Station,580233,BBGPG,0.000,0.000,0.000,0.000,,,NT,Regional - NT,590017,2026/08/22 12:47:31
2026/08/21,Kenya,540075,PROD,0.000,118.559,0.000,0.000,,,QLD,Regional - QLD,590001,2026/08/22 10:35:40
2026/08/21,Kincora,544253,PROD,0.000,4.000,0.000,0.000,,,QLD,Regional - QLD,590001,2026/08/22 12:47:31
2026/08/21,KKLP,523209,PIPE,0.000,0.000,0.000,0.000,,,NSW,Sydney,520008,2026/08/22 12:47:31
2026/08/21,Kogan North,540061,PROD,0.000,4.167,0.000,0.000,,,QLD,Regional - QLD,590001,2026/08/22 12:47:31
2026/08/21,Ladbroke Grove PS,555086,BBGPG,5.932,0.000,0.000,0.000,,,SA,Regional - SA,590013,2026/08/22 12:47:31
2026/08/21,Lang Lang,530039,PROD,0.000,19.570,0.000,0.000,,,VIC,Gippsland,590009,2026/08/22 08:16:10
2026/08/21,Laverton,533201,BBGPG,0.000,0.000,0.000,0.000,,,VIC,Geelong,590005,2026/08/25 11:00:04
2026/08/21,Longford,530040,PROD,0.000,531.891,0.000,0.000,,,VIC,Longford Hub,530015,2026/08/22 08:19:44
2026/08/21,Loy Yang B,533163,BBGPG,0.000,0.000,0.000,0.000,,,VIC,Gippsland,590009,2026/08/22 11:00:49
2026/08/21,LYB Transmission Pipeline,535023,PIPE,0.000,0.000,0.063,0.000,,,VIC,Gippsland,590009,2026/08/22 11:00:49
2026/08/21,MAPS,550054,PIPE,39.057,0.000,0.000,0.000,,,SA,Adelaide,550016,2026/08/22 11:31:05
2026/08/21,MAPS,550054,PIPE,0.000,35.869,129.633,0.000,,,SA,Moomba Hub,550017,2026/08/22 11:31:05
2026/08/21,MAPS,550054,PIPE,125.751,0.000,10.000,0.000,,,SA,Regional - SA,590013,2026/08/22 11:31:05
2026/08/21,McArthur River Mine,580220,BBGPG,9.258,0.000,0.000,0.000,,,NT,Regional - NT,590017,2026/08/22 08:56:18
2026/08/21,MCF,550050,COMPRESSOR,0.000,0.000,0.000,0.000,,,SA,Moomba Hub,550017,2026/08/22 12:47:31
2026/08/21,Mereenie,580040,PROD,0.000,26.349,0.000,0.000,,,NT,Regional - NT,590017,2026/08/22 11:05:40
2026/08/21,Meridian,540064,PROD,0.000,44.867,0.000,0.000,,,QLD,Regional - QLD,590001,2026/08/22 09:39:09
2026/08/21,Mintaro Power Station,555031,BBGPG,0.000,0.000,0.000,0.000,,,SA,Regional - SA,590013,2026/08/22 11:31:05
2026/08/21,Moomba,550045,PROD,0.000,216.200,0.000,0.000,,,SA,Moomba Hub,550017,2026/08/26 21:02:13
2026/08/21,Moomba Storage,550046,STOR,0.000,0.000,0.000,0.000,6303.600,0.000,SA,Moomba Hub,550017,2026/08/26 21:02:13
2026/08/21,Mortlake PS,530063,BBGPG,0.000,0.000,0.000,0.000,,,VIC,Regional - VIC,590012,2026/08/22 07:20:00
2026/08/21,MPL,530061,PIPE,0.000,0.000,0.512,9.443,,,VIC,Iona Hub,530016,2026/08/22 07:20:00
2026/08/21,MPL,530061,PIPE,0.000,0.000,0.000,0.000,,,VIC,Regional - VIC,590012,2026/08/22 07:20:00
2026/08/21,MRP,580100,PIPE,9.258,0.000,9.259,0.000,,,NT,Regional - NT,590017,2026/08/22 08:56:18
2026/08/21,MSP,520053,PIPE,120.183,0.000,0.000,0.000,,,NSW,Sydney,520008,2026/08/22 12:47:31
2026/08/21,MSP,520053,PIPE,0.000,0.000,133.243,19.247,,,SA,Moomba Hub,550017,2026/08/22 12:47:31
2026/08/21,MSP,520053,PIPE,34.546,0.000,0.000,5.180,,,NSW,Regional - NSW,590011,2026/08/22 12:47:31
2026/08/21,MSP,520053,PIPE,9.456,0.000,0.000,0.000,,,NSW,Regional - ACT,590015,2026/08/22 12:47:31
2026/08/21,MSP,520053,PIPE,0.000,0.000,79.444,0.000,,,NSW,Culcairn,590016,2026/08/22 12:47:31
2026/08/21,Newport,533171,BBGPG,0.003,0.000,0.000,0.000,,,VIC,Melbourne,590008,2026/08/25 11:00:04
2026/08/21,NGP,580050,PIPE,0.000,0.000,0.000,0.000,,,QLD,Regional - QLD,590001,2026/08/22 12:01:13
2026/08/21,NGP,580050,PIPE,0.000,0.000,0.000,0.000,,,NT,Regional - NT,590017,2026/08/22 12:01:13
2026/08/21,NGS,520060,STOR,0.100,0.740,0.000,0.000,671.855,76.810,NSW,Sydney,520008,2026/08/22 09:22:32
2026/08/21,Oakey PS,544095,BBGPG,0.000,0.000,0.000,0.000,,,QLD,Regional - QLD,590001,2026/08/22 12:47:31
2026/08/21,Orana,540084,PROD,0.000,167.646,0.000,0.000,,,QLD,Regional - QLD,590001,2026/08/26 11:30:08
2026/08/21,Orbost,530041,PROD,0.000,68.337,0.000,0.000,,,VIC,Regional - VIC,590012,2026/08/22 12:01:05
2026/08/21,Orica,544011,BBLARGE,9.312,0.000,0.000,0.000,,,QLD,Regional - QLD,590001,2026/08/24 11:00:05
2026/08/21,Orica (Kooragang Island),523206,BBLARGE,39.154,0.000,0.000,0.000,,,NSW,Sydney,520008,2026/08/22 13:00:00
2026/08/21,Osborne,555033,BBGPG,33.915,0.000,0.000,0.000,,,SA,Regional - SA,590013,2026/08/22 11:31:05
2026/08/21,Otway,530044,PROD,0.000,162.100,0.000,0.000,,,VIC,Iona Hub,530016,2026/08/22 10:26:06
2026/08/21,Owen Springs Power Station,580235,BBGPG,0.511,0.000,0.000,0.000,,,NT,Regional - NT,590017,2026/08/22 06:41:44
2026/08/21,Palm Valley,580060,PROD,0.000,5.406,0.000,0.000,,,NT,Regional - NT,590017,2026/08/22 11:05:40
2026/08/21,PCA,550052,PIPE,0.000,14.650,49.200,0.000,,,VIC,Iona Hub,530016,2026/08/22 07:20:01
2026/08/21,PCA,550052,PIPE,20.163,0.000,0.000,0.000,,,SA,Adelaide,550016,2026/08/22 07:20:01
2026/08/21,PCA,550052,PIPE,0.000,0.000,0.000,13.250,,,VIC,Regional - VIC,590012,2026/08/22 07:20:01
2026/08/21,PCA,550052,PIPE,27.923,0.000,0.000,9.993,,,SA,Regional - SA,590013,2026/08/22 07:20:01
2026/08/21,PCI,530060,PIPE,0.000,174.033,9.443,183.476,,,VIC,Iona Hub,530016,2026/08/22 07:20:01
2026/08/21,Peat,540065,PROD,0.000,11.848,0.000,0.000,,,QLD,Regional - QLD,590001,2026/08/26 11:30:08
2026/08/21,Pelican Point Power Station,555089,BBGPG,30.147,0.000,0.000,0.000,,,SA,Regional - SA,590013,2026/08/22 07:20:01
2026/08/21,Phosphate Hill,544081,BBLARGE,24.752,0.000,0.000,0.000,,,QLD,Regional - QLD,590001,2026/08/22 12:47:31
2026/08/21,Pipeline Compression Station,544279,COMPRESSOR,0.000,0.000,0.000,0.000,,,QLD,Regional - QLD,590001,2026/08/22 10:43:05
2026/08/21,PVP,580070,PIPE,0.986,0.000,1.193,0.000,,,NT,Regional - NT,590017,2026/08/22 06:41:44
2026/08/21,QCLNG LNG Plant,544272,LNGEXPORT,1481.637,0.000,0.000,0.000,,,QLD,Curtis Island,540030,2026/08/22 10:35:40
2026/08/21,QGP,540058,PIPE,0.000,0.000,0.021,0.000,,,QLD,Wallumbilla Hub,540032,2026/08/24 11:00:05
2026/08/21,QGP,540058,PIPE,99.604,25.233,76.885,2.363,,,QLD,Regional - QLD,590001,2026/08/24 11:00:05
2026/08/21,Quarantine Power Station,555087,BBGPG,16.229,0.000,0.000,0.000,,,SA,Regional - SA,590013,2026/08/22 11:31:05
2026/08/21,Queensland Aluminia,544012,BBLARGE,28.727,0.000,0.000,0.000,,,QLD,Regional - QLD,590001,2026/08/24 11:00:05
2026/08/21,RBP,540057,PIPE,0.000,0.000,0.306,11.500,,,QLD,Wallumbilla Hub,540032,2026/08/22 12:47:31
2026/08/21,RBP,540057,PIPE,3.695,20.015,47.657,8.008,,,QLD,Regional - QLD,590001,2026/08/22 12:47:31
2026/08/21,RBP,540057,PIPE,48.375,0.000,0.000,0.000,,,QLD,Brisbane,590002,2026/08/22 12:47:31
2026/08/21,RCWP,540102,PIPE,0.000,0.000,1.224,8.595,,,QLD,Wallumbilla Hub,540032,2026/08/22 12:47:31
2026/08/21,RCWP,540102,PIPE,0.000,0.000,30.970,25.374,,,QLD,Regional - QLD,590001,2026/08/22 12:47:31
2026/08/21,Reedy Creek,540085,PROD,0.000,198.532,0.000,0.000,,,QLD,Regional - QLD,590001,2026/08/26 11:30:08
2026/08/21,RMNGPF,640011,PROD,0.000,16.840,0.000,0.000,,,QLD,Regional - QLD,590001,2026/08/22 09:16:19
2026/08/21,RNMGP,640012,PIPE,0.000,16.840,0.000,16.840,,,QLD,Regional - QLD,590001,2026/08/22 09:16:19
2026/08/21,RNP,640009,PIPE,0.000,22.819,0.000,22.819,,,QLD,Regional - QLD,590001,2026/08/22 12:01:08
2026/08/21,Rolleston,540073,PROD,0.000,9.042,0.000,0.000,,,QLD,Regional - QLD,590001,2026/08/24 11:00:05
2026/08/21,Roma,540095,PROD,0.000,235.244,0.000,0.000,,,QLD,Regional - QLD,590001,2026/08/22 10:43:42
2026/08/21,Roma North,544260,PROD,0.000,22.819,0.000,0.000,,,QLD,Regional - QLD,590001,2026/08/22 12:01:14
2026/08/21,Roma Power Station,540120,BBGPG,0.000,0.000,0.000,0.000,,,QLD,Regional - QLD,590001,2026/08/22 12:15:57
2026/08/21,Ron Goodin Power Station,580234,BBGPG,0.000,0.000,0.000,0.000,,,NT,Regional - NT,590017,2026/08/22 06:41:44
2026/08/21,RPL,540110,PIPE,0.055,0.000,0.000,0.000,,,QLD,Regional - QLD,590001,2026/08/22 12:15:57
2026/08/21,Ruby Jo,540082,PROD,0.000,426.692,0.000,0.000,,,QLD,Regional - QLD,590001,2026/08/22 10:35:40
2026/08/21,RUGS,540040,STOR,1.017,3.009,0.000,0.000,15145.336,0.000,QLD,Regional - QLD,590001,2026/08/22 10:43:42
2026/08/21,Scotia,540072,PROD,0.000,102.982,0.000,0.000,,,QLD,Regional - QLD,590001,2026/08/22 10:43:42
2026/08/21,SEPS,550061,PIPE,7.119,0.000,7.138,0.000,,,SA,Regional - SA,590013,2026/08/22 11:32:05
2026/08/21,SESA,550060,PIPE,0.000,0.000,13.252,0.000,,,VIC,Regional - VIC,590012,2026/08/22 12:47:31
2026/08/21,SESA,550060,PIPE,5.932,0.000,0.000,7.136,,,SA,Regional - SA,590013,2026/08/22 12:47:31
2026/08/21,Smithfield Energy Facility,522004,BBGPG,0.000,0.000,0.000,0.000,,,NSW,Regional - NSW,590011,2026/08/22 12:02:51
2026/08/21,Snapper Point,555090,BBGPG,0.068,0.000,0.000,0.000,,,SA,Regional - SA,590013,2026/08/22 11:31:05
2026/08/21,Somerton,533174,BBGPG,0.000,0.000,0.000,0.000,,,VIC,Melbourne,590008,2026/08/25 11:00:04
2026/08/21,Spring Gully,540066,PROD,0.000,54.167,0.000,0.000,,,QLD,Regional - QLD,590001,2026/08/26 11:30:08
2026/08/21,SSP,540103,PIPE,0.000,7.500,0.000,7.500,,,QLD,Regional - QLD,590001,2026/08/22 09:00:52
2026/08/21,SSSF,540062,STOR,0.000,6.720,0.000,0.000,8545.572,0.000,QLD,Regional - QLD,590001,2026/08/22 09:00:52
2026/08/21,Strathblane,540067,PROD,0.000,47.259,0.000,0.000,,,QLD,Regional - QLD,590001,2026/08/26 11:30:08
2026/08/21,Swanbank Power Station,544104,BBGPG,0.000,0.000,0.000,0.000,,,QLD,Brisbane,590002,2026/08/22 12:47:31
2026/08/21,SWQP,540060,PIPE,0.000,0.000,234.753,159.596,,,QLD,Wallumbilla Hub,540032,2026/08/22 12:47:31
2026/08/21,SWQP,540060,PIPE,0.000,0.000,0.000,75.793,,,QLD,Ballera,540078,2026/08/22 12:47:31
2026/08/21,SWQP,540060,PIPE,0.000,182.319,0.000,243.629,,,SA,Moomba Hub,550017,2026/08/22 12:47:31
2026/08/21,SWQP,540060,PIPE,0.127,0.000,0.000,0.000,,,QLD,Regional - QLD,590001,2026/08/22 12:47:31
2026/08/21,Talinga,540076,PROD,0.000,82.986,0.000,0.000,,,QLD,Regional - QLD,590001,2026/08/26 11:30:08
2026/08/21,Tallawarra,522002,BBGPG,0.000,0.000,0.000,0.000,,,NSW,Regional - NSW,590011,2026/08/22 11:00:10
2026/08/21,Tallawarra Pipeline,523201,PIPE,0.000,0.000,0.000,0.000,,,NSW,Regional - NSW,590011,2026/08/22 11:00:10
2026/08/21,Taloona,540068,PROD,0.000,40.568,0.000,0.000,,,QLD,Regional - QLD,590001,2026/08/26 11:30:08
2026/08/21,Tanami GP,580210,PIPE,8.794,0.000,8.740,0.000,,,NT,Regional - NT,590017,2026/08/22 12:02:00
2026/08/21,TGP,570050,PIPE,0.000,0.000,55.746,65.005,,,VIC,Longford Hub,530015,2026/08/23 12:01:00
2026/08/21,TGP,570050,PIPE,17.144,0.000,0.000,0.000,,,TAS,Regional - TAS,590014,2026/08/23 12:01:00
2026/08/21,Tipton,540051,PROD,0.000,41.393,0.000,0.000,,,QLD,Regional - QLD,590001,2026/08/22 10:21:58
2026/08/21,Torrens Island PS,555041,BBGPG,52.103,0.000,0.000,0.000,,,SA,Regional - SA,590013,2026/08/22 11:31:05
2026/08/21,Uranquinty Power Station,522047,BBGPG,0.000,0.000,0.000,0.000,,,NSW,Regional - NSW,590011,2026/08/22 12:47:31
2026/08/21,Valley Power GPG,535024,BBGPG,0.000,0.000,0.000,0.000,,,VIC,Gippsland,590009,2026/08/22 11:00:49
2026/08/21,VicHub,532005,PIPE,0.000,0.000,32.458,32.458,,,VIC,Longford Hub,530015,2026/08/22 12:01:16
2026/08/21,Viva Energy Refinery,535018,BBLARGE,9.492,0.000,0.000,0.000,,,VIC,Geelong,590005,2026/08/22 07:30:15
2026/08/21,VTS,530110,PIPE,0.000,369.715,97.489,0.001,,,VIC,Longford Hub,530015,2026/08/25 11:00:04
2026/08/21,VTS,530110,PIPE,0.000,75.824,133.766,0.000,,,VIC,Iona Hub,530016,2026/08/25 11:00:04
2026/08/21,VTS,530110,PIPE,12.858,0.000,0.000,0.000,,,VIC,Western,590004,2026/08/25 11:00:04
2026/08/21,VTS,530110,PIPE,62.190,0.000,0.000,0.000,,,VIC,Geelong,590005,2026/08/25 11:00:04
2026/08/21,VTS,530110,PIPE,41.836,0.000,0.000,0.000,,,VIC,Ballarat,590006,2026/08/25 11:00:04
2026/08/21,VTS,530110,PIPE,62.983,0.000,0.000,0.000,,,VIC,Northern,590007,2026/08/25 11:00:04
2026/08/21,VTS,530110,PIPE,367.435,0.208,0.000,0.000,,,VIC,Melbourne,590008,2026/08/25 11:00:04
2026/08/21,VTS,530110,PIPE,38.758,0.000,16.918,0.063,,,VIC,Gippsland,590009,2026/08/25 11:00:04
2026/08/21,VTS,530110,PIPE,0.000,0.000,0.000,79.444,,,NSW,Culcairn,590016,2026/08/25 11:00:04
2026/08/21,Wallumbilla Compression Station,544280,COMPRESSOR,0.000,0.000,0.000,0.000,,,QLD,Wallumbilla Hub,540032,2026/08/22 10:43:05
2026/08/21,WCFA,540045,COMPRESSOR,0.000,0.000,100.770,100.770,,,QLD,Wallumbilla Hub,540032,2026/08/22 12:47:31
2026/08/21,WCFB,540046,COMPRESSOR,0.000,0.000,122.477,122.477,,,QLD,Wallumbilla Hub,540032,2026/08/22 12:47:31
2026/08/21,Weddell Power Station,580232,BBGPG,17.878,0.000,0.000,0.000,,,NT,Darwin,580001,2026/08/22 12:47:31
2026/08/21,WGP,540091,PIPE,1481.637,0.000,0.000,0.000,,,QLD,Curtis Island,540030,2026/08/22 10:35:40
2026/08/21,WGP,540091,PIPE,0.000,1425.905,59.706,0.000,,,QLD,Regional - QLD,590001,2026/08/22 10:35:40
2026/08/21,Whyalla Steelworks,555085,BBLARGE,3.333,0.000,0.000,0.000,,,SA,Regional - SA,590013,2026/08/22 11:31:05
2026/08/21,Windibri,540069,PROD,0.000,89.461,0.000,0.000,,,QLD,Regional - QLD,590001,2026/08/22 10:35:40
2026/08/21,Woleebee Creek,540087,PROD,0.000,640.950,0.000,0.000,,,QLD,Regional - QLD,590001,2026/08/22 10:35:40
2026/08/21,WPP,580030,PIPE,17.878,29.997,0.000,12.333,,,NT,Darwin,580001,2026/08/22 12:47:31
2026/08/21,Yarwun,544282,BBGPG,43.930,0.000,0.000,0.000,,,QLD,Regional - QLD,590001,2026/08/24 11:00:05
2026/08/21,Yelcherr,580180,PROD,0.000,0.000,0.000,0.000,,,NT,Regional - NT,590017,2026/08/22 12:47:31
2026/08/21,Yellowbank,540074,PROD,0.000,11.941,0.000,0.000,,,QLD,Regional - QLD,590001,2026/08/24 11:00:05
2026/08/22,Adelaide Brighton,555091,BBLARGE,9.921,0.000,0.000,0.000,,,SA,Adelaide,550016,2026/09/01 13:00:01
2026/08/22,AGP,580010,PIPE,14.208,0.000,7.171,0.000,,,NT,Darwin,580001,2026/08/23 12:47:31
2026/08/22,AGP,580010,PIPE,7.117,31.928,0.000,19.720,,,NT,Regional - NT,590017,2026/08/23 12:47:31
2026/08/22,APLNG Pipeline,540093,PIPE,1666.285,0.000,0.000,0.000,,,QLD,Curtis Island,540030,2026/08/27 11:30:10
2026/08/22,APLNG Pipeline,540093,PIPE,0.000,1350.040,516.065,172.157,,,QLD,Regional - QLD,590001,2026/08/27 11:30:10
2026/08/22,Arcadia,540101,PROD,0.000,92.535,0.000,0.000,,,QLD,Regional - QLD,590001,2026/08/23 10:58:05
2026/08/22,ATGP,640013,PIPE,0.000,41.940,0.000,41.940,,,QLD,Regional - QLD,590001,2026/08/23 12:01:13
2026/08/22,ATHENA,535014,PROD,0.000,17.557,0.000,0.000,,,VIC,Iona Hub,530016,2026/08/27 09:45:53
2026/08/22,Atlas,544261,PROD,0.000,41.940,0.000,0.000,,,QLD,Regional - QLD,590001,2026/08/23 12:01:22
2026/08/22,Atlas East Central Processing Facility,640008,PROD,0.000,34.070,0.000,0.000,,,QLD,Regional - QLD,590001,2026/08/23 09:07:18
2026/08/22,Atlas to Reedy Creek Pipeline,640007,PIPE,0.000,34.064,0.000,30.040,,,QLD,Regional - QLD,590001,2026/08/23 12:47:31
2026/08/22,Australia Pacific LNG,544273,LNGEXPORT,1666.284,0.000,0.000,0.000,,,QLD,Curtis Island,540030,2026/08/23 12:00:25
2026/08/22,Australian Paper (Opal),535021,BBLARGE,9.591,0.000,0.000,0.000,,,VIC,Gippsland,590009,2026/08/31 11:00:04
2026/08/22,B1PL,540077,PIPE,0.039,41.380,0.000,40.759,,,QLD,Regional - QLD,590001,2026/08/23 11:01:04
2026/08/22,B2PL,540071,PIPE,0.000,54.494,3.074,59.699,,,QLD,Regional - QLD,590001,2026/08/23 12:30:03
2026/08/22,Bairnsdale Power Station,535020,BBGPG,0.000,0.000,0.000,0.000,,,VIC,Regional - VIC,590012,2026/08/23 11:00:59
2026/08/22,BCF,540047,COMPRESSOR,0.000,0.000,69.700,69.700,,,QLD,Regional - QLD,590001,2026/08/27 21:03:00
2026/08/22,Bell Bay CCGT,577016,BBGPG,0.000,0.000,0.000,0.000,,,TAS,Regional - TAS,590014,2026/08/24 12:01:00
2026/08/22,Bell Bay GGT,577014,BBGPG,0.000,0.000,0.000,0.000,,,TAS,Regional - TAS,590014,2026/08/24 12:01:00
2026/08/22,Bell Bay OCGT,577015,BBGPG,5.092,0.000,0.000,0.000,,,TAS,Regional - TAS,590014,2026/08/24 12:01:00
2026/08/22,Bellevue,540083,PROD,0.000,147.975,0.000,0.000,,,QLD,Regional - QLD,590001,2026/09/01 17:02:03
2026/08/22,BGP,580020,PIPE,0.306,0.000,0.000,0.000,,,NT,Regional - NT,590017,2026/08/23 12:47:31
2026/08/22,BlueScope,523204,BBLARGE,8.387,0.000,0.000,0.000,,,NSW,Sydney,520008,2026/08/23 12:01:05
2026/08/22,Bolivar,555008,BBGPG,2.477,0.000,0.000,0.000,,,SA,Regional - SA,590013,2026/08/23 12:02:43
2026/08/22,Bomaderry Gas Pipeline,523202,PIPE,22.580,0.000,22.580,0.000,,,NSW,Regional - NSW,590011,2026/08/23 12:41:48
2026/08/22,BPP,530030,PIPE,2.610,19.990,0.000,17.378,,,VIC,Gippsland,590009,2026/08/31 11:00:04
2026/08/22,Braemar 2 Power Station,544085,BBGPG,0.000,0.000,0.000,0.000,,,QLD,Regional - QLD,590001,2026/08/23 12:30:03
2026/08/22,Braemar Power Station,544252,BBGPG,0.039,0.000,0.000,0.000,,,QLD,Regional - QLD,590001,2026/08/23 11:01:04
2026/08/22,BWP,540096,PIPE,0.000,0.000,0.000,6.039,,,QLD,Wallumbilla Hub,540032,2026/08/23 12:47:31
2026/08/22,BWP,540096,PIPE,0.000,6.046,0.000,0.000,,,QLD,Regional - QLD,590001,2026/08/23 12:47:31
2026/08/22,CGP,540059,PIPE,0.000,0.000,69.656,0.000,,,QLD,Ballera,540078,2026/08/23 12:47:31
2026/08/22,CGP,540059,PIPE,69.257,0.000,0.000,0.000,,,QLD,Regional - QLD,590001,2026/08/23 12:47:31
2026/08/22,Channel Island Power Station,580231,BBGPG,14.208,0.000,0.000,0.000,,,NT,Darwin,580001,2026/08/23 12:47:31
2026/08/22,Colongra,523120,BBGPG,0.000,0.000,0.000,0.000,,,NSW,Regional - NSW,590011,2026/08/23 12:00:06
2026/08/22,ColongraGP,520090,PIPE,-1.517,0.000,0.000,0.000,,,NSW,Sydney,520008,2026/08/23 12:00:06
2026/08/22,ColongraGP,520090,PIPE,0.000,0.000,0.000,0.000,,,NSW,Regional - NSW,590011,2026/08/23 12:00:06
2026/08/22,Combabula,540094,PROD,0.000,292.064,0.000,0.000,,,QLD,Regional - QLD,590001,2026/08/27 11:30:10
2026/08/22,Condabri Central,540080,PROD,0.000,141.072,0.000,0.000,,,QLD,Regional - QLD,590001,2026/08/27 11:30:10
2026/08/22,Condabri North,540090,PROD,0.000,164.382,0.000,0.000,,,QLD,Regional - QLD,590001,2026/08/27 11:30:10
2026/08/22,Condabri South,540086,PROD,0.000,156.849,0.000,0.000,,,QLD,Regional - QLD,590001,2026/08/27 11:30:10
2026/08/22,Condamine Power Station,544274,BBGPG,0.000,0.000,0.000,0.000,,,QLD,Regional - QLD,590001,2026/08/23 10:35:50
2026/08/22,CRWP,540098,PIPE,0.000,0.000,146.432,0.000,,,QLD,Wallumbilla Hub,540032,2026/08/23 10:28:05
2026/08/22,CRWP,540098,PIPE,0.000,234.172,39.584,421.841,,,QLD,Regional - QLD,590001,2026/08/23 10:28:05
2026/08/22,CWP,520054,PIPE,4.973,0.000,6.064,0.000,,,NSW,Regional - NSW,590011,2026/08/23 12:47:31
2026/08/22,Daandine,540050,PROD,0.000,54.494,0.000,0.000,,,QLD,Regional - QLD,590001,2026/08/23 12:30:03
2026/08/22,Dandenong LNG,530038,STOR,0.000,0.272,0.000,0.000,607.312,27.889,VIC,Melbourne,590008,2026/08/23 12:47:31
2026/08/22,DDP,540097,PIPE,0.000,0.000,0.000,205.166,,,QLD,Wallumbilla Hub,540032,2026/09/02 10:01:14
2026/08/22,DDP,540097,PIPE,0.002,543.908,129.021,469.710,,,QLD,Regional - QLD,590001,2026/09/02 10:01:14
2026/08/22,DDPS,544027,BBGPG,0.002,0.000,0.000,0.000,,,QLD,Regional - QLD,590001,2026/09/02 10:01:14
2026/08/22,Diamantina Power Station,544077,BBGPG,31.070,0.000,0.000,0.000,,,QLD,Regional - QLD,590001,2026/08/23 12:47:31
2026/08/22,Dry Creek Power Station,555026,BBGPG,0.000,0.000,0.000,0.000,,,SA,Regional - SA,590013,2026/08/23 11:31:05
2026/08/22,EGP,520047,PIPE,128.023,0.000,0.000,0.000,,,NSW,Sydney,520008,2026/08/23 12:01:05
2026/08/22,EGP,520047,PIPE,11.402,0.000,0.000,0.000,,,NSW,Canberra,520009,2026/08/23 12:01:05
2026/08/22,EGP,520047,PIPE,0.000,185.070,0.000,61.585,,,VIC,Longford Hub,530015,2026/08/23 12:01:05
2026/08/22,EGP,520047,PIPE,5.044,0.000,0.000,22.580,,,NSW,Regional - NSW,590011,2026/08/23 12:01:05
2026/08/22,EGP,520047,PIPE,0.712,67.853,0.000,0.000,,,VIC,Regional - VIC,590012,2026/08/23 12:01:05
2026/08/22,EO4PL,540055,PIPE,0.000,0.000,0.000,0.000,,,QLD,Regional - QLD,590001,2026/09/01 17:02:03
2026/08/22,Eurombah Creek,540089,PROD,0.000,146.292,0.000,0.000,,,QLD,Regional - QLD,590001,2026/08/27 11:30:10
2026/08/22,Fairview,540070,PROD,0.000,279.437,0.000,0.000,,,QLD,Regional - QLD,590001,2026/08/23 10:58:05
2026/08/22,GLNG (Curtis Island),544276,LNGEXPORT,818.740,0.000,0.000,0.000,,,QLD,Curtis Island,540030,2026/08/23 10:28:05
2026/08/22,GLNG Pipeline,540092,PIPE,818.740,0.000,0.000,0.000,,,QLD,Curtis Island,540030,2026/08/23 10:28:05
2026/08/22,GLNG Pipeline,540092,PIPE,0.000,416.020,438.306,0.000,,,QLD,Regional - QLD,590001,2026/09/01 17:02:03
2026/08/22,Hallett,555029,BBGPG,2.042,0.000,0.000,0.000,,,SA,Regional - SA,590013,2026/08/23 11:31:05
2026/08/22,Hunter Power Station,523210,BBGPG,0.000,0.000,0.000,0.000,,,NSW,Sydney,520008,2026/08/23 12:47:31
2026/08/22,ICF,530071,COMPRESSOR,0.000,0.000,10.000,10.000,,,VIC,Iona Hub,530016,2026/08/23 08:35:03
2026/08/22,Iona UGS,530042,STOR,23.694,26.420,0.000,0.000,13384.916,0.000,VIC,Iona Hub,530016,2026/08/23 08:30:04
2026/08/22,Jeerelang,533161,BBGPG,0.000,0.000,0.000,0.000,,,VIC,Gippsland,590009,2026/08/31 11:00:04
2026/08/22,Jordan,540088,PROD,0.000,333.622,0.000,0.000,,,QLD,Regional - QLD,590001,2026/09/01 17:02:03
2026/08/22,Katherine Power Station,580233,BBGPG,0.000,0.000,0.000,0.000,,,NT,Regional - NT,590017,2026/08/23 12:47:31
2026/08/22,Kenya,540075,PROD,0.000,120.938,0.000,0.000,,,QLD,Regional - QLD,590001,2026/09/01 17:02:03
2026/08/22,Kincora,544253,PROD,0.000,4.000,0.000,0.000,,,QLD,Regional - QLD,590001,2026/08/23 12:47:31
2026/08/22,KKLP,523209,PIPE,0.000,0.000,0.000,0.000,,,NSW,Sydney,520008,2026/08/23 12:47:31
2026/08/22,Kogan North,540061,PROD,0.000,4.175,0.000,0.000,,,QLD,Regional - QLD,590001,2026/08/23 12:47:31
2026/08/22,Ladbroke Grove PS,555086,BBGPG,10.501,0.000,0.000,0.000,,,SA,Regional - SA,590013,2026/08/23 12:47:31
2026/08/22,Lang Lang,530039,PROD,0.000,19.990,0.000,0.000,,,VIC,Gippsland,590009,2026/08/23 08:38:56
2026/08/22,Laverton,533201,BBGPG,0.000,0.000,0.000,0.000,,,VIC,Geelong,590005,2026/08/31 11:00:04
2026/08/22,Longford,530040,PROD,0.000,613.569,0.000,0.000,,,VIC,Longford Hub,530015,2026/08/23 07:55:16
2026/08/22,Loy Yang B,533163,BBGPG,0.000,0.000,0.000,0.000,,,VIC,Gippsland,590009,2026/08/23 11:01:02
2026/08/22,LYB Transmission Pipeline,535023,PIPE,0.000,0.000,0.000,0.000,,,VIC,Gippsland,590009,2026/08/23 11:01:02
2026/08/22,MAPS,550054,PIPE,27.599,0.000,0.000,0.000,,,SA,Adelaide,550016,2026/08/23 11:31:05
2026/08/22,MAPS,550054,PIPE,0.000,36.182,113.622,0.000,,,SA,Moomba Hub,550017,2026/08/23 11:31:05
2026/08/22,MAPS,550054,PIPE,125.496,0.000,4.380,0.000,,,SA,Regional - SA,590013,2026/08/23 11:31:05
2026/08/22,McArthur River Mine,580220,BBGPG,9.170,0.000,0.000,0.000,,,NT,Regional - NT,590017,2026/08/23 09:26:18
2026/08/22,MCF,550050,COMPRESSOR,0.000,0.000,0.000,0.000,,,SA,Moomba Hub,550017,2026/08/23 12:47:31
2026/08/22,Mereenie,580040,PROD,0.000,26.274,0.000,0.000,,,NT,Regional - NT,590017,2026/08/23 10:54:46
2026/08/22,Meridian,540064,PROD,0.000,48.019,0.000,0.000,,,QLD,Regional - QLD,590001,2026/08/23 09:38:51
2026/08/22,Mintaro Power Station,555031,BBGPG,0.000,0.000,0.000,0.000,,,SA,Regional - SA,590013,2026/08/23 11:31:05
2026/08/22,Moomba,550045,PROD,0.000,205.100,0.000,0.000,,,SA,Moomba Hub,550017,2026/08/27 21:03:00
2026/08/22,Moomba Storage,550046,STOR,0.000,0.000,0.000,0.000,6303.600,0.000,SA,Moomba Hub,550017,2026/08/27 21:03:00
2026/08/22,Mortlake PS,530063,BBGPG,23.049,0.000,0.000,0.000,,,VIC,Regional - VIC,590012,2026/08/23 07:20:00
2026/08/22,MPL,530061,PIPE,0.000,0.000,25.006,1.701,,,VIC,Iona Hub,530016,2026/08/23 07:20:00
2026/08/22,MPL,530061,PIPE,23.049,0.000,0.000,0.000,,,VIC,Regional - VIC,590012,2026/08/23 07:20:00
2026/08/22,MRP,580100,PIPE,9.170,0.000,9.171,0.000,,,NT,Regional - NT,590017,2026/08/23 09:26:18
2026/08/22,MSP,520053,PIPE,84.125,0.000,0.000,0.000,,,NSW,Sydney,520008,2026/08/23 12:47:31
2026/08/22,MSP,520053,PIPE,0.000,0.000,121.765,26.767,,,SA,Moomba Hub,550017,2026/08/23 12:47:31
2026/08/22,MSP,520053,PIPE,31.329,0.000,0.000,6.064,,,NSW,Regional - NSW,590011,2026/08/23 12:47:31
2026/08/22,MSP,520053,PIPE,11.065,0.000,0.000,0.000,,,NSW,Regional - ACT,590015,2026/08/23 12:47:31
2026/08/22,MSP,520053,PIPE,0.000,0.000,74.484,0.000,,,NSW,Culcairn,590016,2026/08/23 12:47:31
2026/08/22,Newport,533171,BBGPG,0.005,0.000,0.000,0.000,,,VIC,Melbourne,590008,2026/08/31 11:00:04
2026/08/22,NGP,580050,PIPE,0.000,0.000,0.000,0.000,,,QLD,Regional - QLD,590001,2026/08/23 12:01:19
2026/08/22,NGP,580050,PIPE,0.000,0.000,0.000,0.000,,,NT,Regional - NT,590017,2026/08/23 12:01:19
2026/08/22,NGS,520060,STOR,0.090,0.590,0.000,0.000,671.418,76.828,NSW,Sydney,520008,2026/08/23 08:02:20
2026/08/22,Oakey PS,544095,BBGPG,0.000,0.000,0.000,0.000,,,QLD,Regional - QLD,590001,2026/08/23 12:47:31
2026/08/22,Orana,540084,PROD,0.000,167.577,0.000,0.000,,,QLD,Regional - QLD,590001,2026/08/27 11:30:10
2026/08/22,Orbost,530041,PROD,0.000,67.853,0.000,0.000,,,VIC,Regional - VIC,590012,2026/08/23 12:01:05
2026/08/22,Orica,544011,BBLARGE,9.655,0.000,0.000,0.000,,,QLD,Regional - QLD,590001,2026/08/23 12:01:06
2026/08/22,Orica (Kooragang Island),523206,BBLARGE,39.042,0.000,0.000,0.000,,,NSW,Sydney,520008,2026/08/23 13:00:00
2026/08/22,Osborne,555033,BBGPG,26.452,0.000,0.000,0.000,,,SA,Regional - SA,590013,2026/08/23 11:31:05
2026/08/22,Otway,530044,PROD,0.000,164.080,0.000,0.000,,,VIC,Iona Hub,530016,2026/08/23 11:56:27
2026/08/22,Owen Springs Power Station,580235,BBGPG,1.022,0.000,0.000,0.000,,,NT,Regional - NT,590017,2026/08/23 06:41:30
2026/08/22,Palm Valley,580060,PROD,0.000,5.654,0.000,0.000,,,NT,Regional - NT,590017,2026/08/23 10:54:46
2026/08/22,PCA,550052,PIPE,0.000,15.543,33.556,0.934,,,VIC,Iona Hub,530016,2026/08/23 07:20:01
2026/08/22,PCA,550052,PIPE,24.742,0.000,0.000,0.000,,,SA,Adelaide,550016,2026/08/23 07:20:01
2026/08/22,PCA,550052,PIPE,0.000,0.000,0.000,18.522,,,VIC,Regional - VIC,590012,2026/08/23 07:20:01
2026/08/22,PCA,550052,PIPE,12.889,0.000,0.000,4.362,,,SA,Regional - SA,590013,2026/08/23 07:20:01
2026/08/22,PCI,530060,PIPE,0.000,176.100,2.635,178.735,,,VIC,Iona Hub,530016,2026/08/23 07:20:01
2026/08/22,Peat,540065,PROD,0.000,11.855,0.000,0.000,,,QLD,Regional - QLD,590001,2026/08/27 11:30:10
2026/08/22,Pelican Point Power Station,555089,BBGPG,28.778,0.000,0.000,0.000,,,SA,Regional - SA,590013,2026/08/23 07:20:01
2026/08/22,Phosphate Hill,544081,BBLARGE,24.099,0.000,0.000,0.000,,,QLD,Regional - QLD,590001,2026/08/23 12:47:31
2026/08/22,Pipeline Compression Station,544279,COMPRESSOR,0.000,0.000,0.000,0.000,,,QLD,Regional - QLD,590001,2026/08/23 10:28:05
2026/08/22,PVP,580070,PIPE,1.530,0.000,1.809,0.000,,,NT,Regional - NT,590017,2026/08/23 06:41:30
2026/08/22,QCLNG LNG Plant,544272,LNGEXPORT,1494.707,0.000,0.000,0.000,,,QLD,Curtis Island,540030,2026/09/01 17:02:03
2026/08/22,QGP,540058,PIPE,0.000,0.000,0.000,0.000,,,QLD,Wallumbilla Hub,540032,2026/08/23 12:01:06
2026/08/22,QGP,540058,PIPE,85.491,25.093,67.876,4.457,,,QLD,Regional - QLD,590001,2026/08/23 12:01:06
2026/08/22,Quarantine Power Station,555087,BBGPG,12.628,0.000,0.000,0.000,,,SA,Regional - SA,590013,2026/08/23 11:31:05
2026/08/22,Queensland Aluminia,544012,BBLARGE,26.983,0.000,0.000,0.000,,,QLD,Regional - QLD,590001,2026/08/23 12:01:06
2026/08/22,RBP,540057,PIPE,0.000,0.000,0.000,18.800,,,QLD,Wallumbilla Hub,540032,2026/08/23 12:47:31
2026/08/22,RBP,540057,PIPE,2.591,20.030,48.059,3.074,,,QLD,Regional - QLD,590001,2026/08/23 12:47:31
2026/08/22,RBP,540057,PIPE,38.623,0.000,0.000,0.000,,,QLD,Brisbane,590002,2026/08/23 12:47:31
2026/08/22,RCWP,540102,PIPE,0.000,0.000,17.381,0.296,,,QLD,Wallumbilla Hub,540032,2026/08/23 12:47:31
2026/08/22,RCWP,540102,PIPE,0.000,0.000,30.040,46.355,,,QLD,Regional - QLD,590001,2026/08/23 12:47:31
2026/08/22,Reedy Creek,540085,PROD,0.000,199.184,0.000,0.000,,,QLD,Regional - QLD,590001,2026/08/27 11:30:10
2026/08/22,RMNGPF,640011,PROD,0.000,16.930,0.000,0.000,,,QLD,Regional - QLD,590001,2026/08/23 09:07:26
2026/08/22,RNMGP,640012,PIPE,0.000,16.930,0.000,16.930,,,QLD,Regional - QLD,590001,2026/08/23 09:07:26
2026/08/22,RNP,640009,PIPE,0.000,22.654,0.000,22.654,,,QLD,Regional - QLD,590001,2026/08/23 12:01:08
2026/08/22,Rolleston,540073,PROD,0.000,8.994,0.000,0.000,,,QLD,Regional - QLD,590001,2026/08/23 12:01:06
2026/08/22,Roma,540095,PROD,0.000,235.244,0.000,0.000,,,QLD,Regional - QLD,590001,2026/08/23 10:58:14
2026/08/22,Roma North,544260,PROD,0.000,22.654,0.000,0.000,,,QLD,Regional - QLD,590001,2026/08/23 12:01:21
2026/08/22,Roma Power Station,540120,BBGPG,0.000,0.000,0.000,0.000,,,QLD,Regional - QLD,590001,2026/08/23 11:56:58
2026/08/22,Ron Goodin Power Station,580234,BBGPG,0.000,0.000,0.000,0.000,,,NT,Regional - NT,590017,2026/08/23 06:41:30
2026/08/22,RPL,540110,PIPE,0.049,0.000,0.000,0.000,,,QLD,Regional - QLD,590001,2026/08/23 11:56:58
2026/08/22,Ruby Jo,540082,PROD,0.000,426.584,0.000,0.000,,,QLD,Regional - QLD,590001,2026/09/01 17:02:03
2026/08/22,RUGS,540040,STOR,0.000,4.724,0.000,0.000,15145.336,0.000,QLD,Regional - QLD,590001,2026/08/23 10:58:14
2026/08/22,Scotia,540072,PROD,0.000,101.186,0.000,0.000,,,QLD,Regional - QLD,590001,2026/08/23 10:58:14
2026/08/22,SEPS,550061,PIPE,7.831,0.000,7.844,0.000,,,SA,Regional - SA,590013,2026/08/23 11:32:05
2026/08/22,SESA,550060,PIPE,0.000,0.000,18.522,0.000,,,VIC,Regional - VIC,590012,2026/08/23 12:47:31
2026/08/22,SESA,550060,PIPE,10.501,0.000,0.000,7.842,,,SA,Regional - SA,590013,2026/08/23 12:47:31
2026/08/22,Shoalhaven Starches Cogeneration Plant,523203,BBLARGE,22.580,0.000,0.000,0.000,,,NSW,Regional - NSW,590011,2026/08/23 12:41:48
2026/08/22,Smithfield Energy Facility,522004,BBGPG,0.000,0.000,0.000,0.000,,,NSW,Regional - NSW,590011,2026/08/23 12:02:43
2026/08/22,Snapper Point,555090,BBGPG,0.000,0.000,0.000,0.000,,,SA,Regional - SA,590013,2026/08/23 11:31:05
2026/08/22,Somerton,533174,BBGPG,0.001,0.000,0.000,0.000,,,VIC,Melbourne,590008,2026/08/31 11:00:04
2026/08/22,Spring Gully,540066,PROD,0.000,54.882,0.000,0.000,,,QLD,Regional - QLD,590001,2026/08/27 11:30:10
2026/08/22,SSP,540103,PIPE,0.000,7.300,0.000,7.300,,,QLD,Regional - QLD,590001,2026/08/23 09:05:52
2026/08/22,SSSF,540062,STOR,0.000,6.510,0.000,0.000,8539.062,0.000,QLD,Regional - QLD,590001,2026/08/23 09:05:52
2026/08/22,Strathblane,540067,PROD,0.000,47.829,0.000,0.000,,,QLD,Regional - QLD,590001,2026/08/27 11:30:10
2026/08/22,Swanbank Power Station,544104,BBGPG,0.000,0.000,0.000,0.000,,,QLD,Brisbane,590002,2026/08/23 12:47:31
2026/08/22,SWQP,540060,PIPE,0.000,0.000,234.758,163.813,,,QLD,Wallumbilla Hub,540032,2026/08/23 12:47:31
2026/08/22,SWQP,540060,PIPE,0.000,0.000,0.000,74.384,,,QLD,Ballera,540078,2026/08/23 12:47:31
2026/08/22,SWQP,540060,PIPE,0.000,171.885,0.000,208.620,,,SA,Moomba Hub,550017,2026/08/23 12:47:31
2026/08/22,SWQP,540060,PIPE,0.122,0.000,0.000,0.000,,,QLD,Regional - QLD,590001,2026/08/23 12:47:31
2026/08/22,Talinga,540076,PROD,0.000,83.413,0.000,0.000,,,QLD,Regional - QLD,590001,2026/08/27 11:30:10
2026/08/22,Tallawarra,522002,BBGPG,0.005,0.000,0.000,0.000,,,NSW,Regional - NSW,590011,2026/08/23 11:00:10
2026/08/22,Tallawarra Pipeline,523201,PIPE,0.005,0.000,0.005,0.000,,,NSW,Regional - NSW,590011,2026/08/23 11:00:10
2026/08/22,Taloona,540068,PROD,0.000,40.723,0.000,0.000,,,QLD,Regional - QLD,590001,2026/08/27 11:30:10
2026/08/22,Tanami GP,580210,PIPE,8.966,0.000,8.740,0.000,,,NT,Regional - NT,590017,2026/08/23 12:02:00
2026/08/22,TGP,570050,PIPE,0.000,0.000,56.884,6.086,,,VIC,Longford Hub,530015,2026/08/24 12:01:00
2026/08/22,TGP,570050,PIPE,21.801,0.000,0.000,0.000,,,TAS,Regional - TAS,590014,2026/08/24 12:01:00
2026/08/22,Tipton,540051,PROD,0.000,41.380,0.000,0.000,,,QLD,Regional - QLD,590001,2026/08/23 12:30:03
2026/08/22,Torrens Island PS,555041,BBGPG,46.535,0.000,0.000,0.000,,,SA,Regional - SA,590013,2026/08/23 11:31:05
2026/08/22,Uranquinty Power Station,522047,BBGPG,0.000,0.000,0.000,0.000,,,NSW,Regional - NSW,590011,2026/08/23 12:47:31
2026/08/22,Valley Power GPG,535024,BBGPG,0.000,0.000,0.000,0.000,,,VIC,Gippsland,590009,2026/08/23 11:01:02
2026/08/22,VicHub,532005,PIPE,0.000,0.000,4.700,4.700,,,VIC,Longford Hub,530015,2026/08/23 12:01:24
2026/08/22,Viva Energy Refinery,535018,BBLARGE,9.436,0.000,0.000,0.000,,,VIC,Geelong,590005,2026/08/23 07:30:12
2026/08/22,VTS,530110,PIPE,0.000,426.850,10.790,0.001,,,VIC,Longford Hub,530015,2026/08/31 11:00:04
2026/08/22,VTS,530110,PIPE,7.295,0.000,120.170,0.000,,,VIC,Iona Hub,530016,2026/08/31 11:00:04
2026/08/22,VTS,530110,PIPE,10.994,0.000,0.000,0.000,,,VIC,Western,590004,2026/08/31 11:00:04
2026/08/22,VTS,530110,PIPE,54.597,0.000,0.000,0.000,,,VIC,Geelong,590005,2026/08/31 11:00:04
2026/08/22,VTS,530110,PIPE,37.800,0.000,0.000,0.000,,,VIC,Ballarat,590006,2026/08/31 11:00:04
2026/08/22,VTS,530110,PIPE,55.032,0.000,0.000,0.000,,,VIC,Northern,590007,2026/08/31 11:00:04
2026/08/22,VTS,530110,PIPE,320.569,0.195,0.000,0.000,,,VIC,Melbourne,590008,2026/08/31 11:00:04
2026/08/22,VTS,530110,PIPE,34.509,0.000,17.378,0.000,,,VIC,Gippsland,590009,2026/08/31 11:00:04
2026/08/22,VTS,530110,PIPE,0.000,0.000,0.000,74.484,,,NSW,Culcairn,590016,2026/08/31 11:00:04
2026/08/22,Wallumbilla Compression Station,544280,COMPRESSOR,0.000,0.000,0.000,0.000,,,QLD,Wallumbilla Hub,540032,2026/08/23 10:28:05
2026/08/22,WCFA,540045,COMPRESSOR,0.000,0.000,112.594,112.594,,,QLD,Wallumbilla Hub,540032,2026/08/23 12:47:31
2026/08/22,WCFB,540046,COMPRESSOR,0.000,0.000,110.863,110.863,,,QLD,Wallumbilla Hub,540032,2026/08/23 12:47:31
2026/08/22,Weddell Power Station,580232,BBGPG,18.001,0.000,0.000,0.000,,,NT,Darwin,580001,2026/08/23 12:47:31
2026/08/22,WGP,540091,PIPE,1494.707,0.000,0.000,0.000,,,QLD,Curtis Island,540030,2026/09/01 17:02:03
2026/08/22,WGP,540091,PIPE,0.000,1452.773,59.699,0.000,,,QLD,Regional - QLD,590001,2026/09/01 17:02:03
2026/08/22,Whyalla Steelworks,555085,BBLARGE,3.096,0.000,0.000,0.000,,,SA,Regional - SA,590013,2026/08/23 11:31:05
2026/08/22,Windibri,540069,PROD,0.000,88.699,0.000,0.000,,,QLD,Regional - QLD,590001,2026/09/01 17:02:03
2026/08/22,Woleebee Creek,540087,PROD,0.000,641.856,0.000,0.000,,,QLD,Regional - QLD,590001,2026/09/01 17:02:03
2026/08/22,WPP,580030,PIPE,18.001,25.177,0.000,7.171,,,NT,Darwin,580001,2026/08/23 12:47:31
2026/08/22,Yarwun,544282,BBGPG,32.549,0.000,0.000,0.000,,,QLD,Regional - QLD,590001,2026/08/23 12:01:06
2026/08/22,Yelcherr,580180,PROD,0.000,0.000,0.000,0.000,,,NT,Regional - NT,590017,2026/08/23 12:47:31
2026/08/22,Yellowbank,540074,PROD,0.000,11.849,0.000,0.000,,,QLD,Regional - QLD,590001,2026/08/23 12:01:06
2026/08/23,Adelaide Brighton,555091,BBLARGE,10.268,0.000,0.000,0.000,,,SA,Adelaide,550016,2026/09/01 13:00:01
2026/08/23,AGP,580010,PIPE,18.013,0.000,10.969,0.000,,,NT,Darwin,580001,2026/08/24 12:46:30
2026/08/23,AGP,580010,PIPE,6.898,30.780,0.000,18.927,,,NT,Regional - NT,590017,2026/08/24 12:46:30
2026/08/23,APLNG Pipeline,540093,PIPE,1689.656,0.000,0.000,0.000,,,QLD,Curtis Island,540030,2026/08/28 11:30:12
2026/08/23,APLNG Pipeline,540093,PIPE,0.000,1343.662,520.408,167.009,,,QLD,Regional - QLD,590001,2026/08/28 11:30:12
2026/08/23,Arcadia,540101,PROD,0.000,92.690,0.000,0.000,,,QLD,Regional - QLD,590001,2026/08/24 11:14:11
2026/08/23,ATGP,640013,PIPE,0.000,42.468,0.000,42.468,,,QLD,Regional - QLD,590001,2026/08/24 12:01:10
2026/08/23,ATHENA,535014,PROD,0.000,17.564,0.000,0.000,,,VIC,Iona Hub,530016,2026/08/28 09:16:05
2026/08/23,Atlas,544261,PROD,0.000,42.468,0.000,0.000,,,QLD,Regional - QLD,590001,2026/08/24 12:01:34
2026/08/23,Atlas East Central Processing Facility,640008,PROD,0.000,33.370,0.000,0.000,,,QLD,Regional - QLD,590001,2026/08/24 11:25:51
2026/08/23,Atlas to Reedy Creek Pipeline,640007,PIPE,0.000,33.369,0.000,36.231,,,QLD,Regional - QLD,590001,2026/08/24 12:46:30
2026/08/23,Australia Pacific LNG,544273,LNGEXPORT,1689.656,0.000,0.000,0.000,,,QLD,Curtis Island,540030,2026/08/24 12:00:25
2026/08/23,Australian Paper (Opal),535021,BBLARGE,9.401,0.000,0.000,0.000,,,VIC,Gippsland,590009,2026/08/31 11:00:04
2026/08/23,B1PL,540077,PIPE,0.037,34.782,0.000,28.215,,,QLD,Regional - QLD,590001,2026/08/24 11:00:53
2026/08/23,B2PL,540071,PIPE,0.000,54.210,10.536,61.675,,,QLD,Regional - QLD,590001,2026/08/24 10:21:21
2026/08/23,Bairnsdale Power Station,535020,BBGPG,0.000,0.000,0.000,0.000,,,VIC,Regional - VIC,590012,2026/08/24 11:00:52
2026/08/23,BCF,540047,COMPRESSOR,0.000,0.000,67.400,67.400,,,QLD,Regional - QLD,590001,2026/08/28 21:10:51
2026/08/23,Bell Bay CCGT,577016,BBGPG,0.000,0.000,0.000,0.000,,,TAS,Regional - TAS,590014,2026/08/25 12:01:00
2026/08/23,Bell Bay GGT,577014,BBGPG,0.000,0.000,0.000,0.000,,,TAS,Regional - TAS,590014,2026/08/25 12:01:00
2026/08/23,Bell Bay OCGT,577015,BBGPG,0.867,0.000,0.000,0.000,,,TAS,Regional - TAS,590014,2026/08/25 12:01:00
2026/08/23,Bellevue,540083,PROD,0.000,148.373,0.000,0.000,,,QLD,Regional - QLD,590001,2026/09/01 17:03:11
2026/08/23,BGP,580020,PIPE,0.310,0.000,0.000,0.000,,,NT,Regional - NT,590017,2026/08/24 12:46:30
2026/08/23,BlueScope,523204,BBLARGE,7.615,0.000,0.000,0.000,,,NSW,Sydney,520008,2026/08/24 12:01:05
2026/08/23,Bolivar,555008,BBGPG,0.000,0.000,0.000,0.000,,,SA,Regional - SA,590013,2026/08/24 12:04:19
2026/08/23,Bomaderry Gas Pipeline,523202,PIPE,22.038,0.000,22.038,0.000,,,NSW,Regional - NSW,590011,2026/08/24 12:54:35
2026/08/23,BPP,530030,PIPE,2.400,20.060,0.000,17.657,,,VIC,Gippsland,590009,2026/08/31 11:00:04
2026/08/23,Braemar 2 Power Station,544085,BBGPG,0.000,0.000,0.000,0.000,,,QLD,Regional - QLD,590001,2026/08/24 10:21:21
2026/08/23,Braemar Power Station,544252,BBGPG,0.037,0.000,0.000,0.000,,,QLD,Regional - QLD,590001,2026/08/24 11:00:53
2026/08/23,BWP,540096,PIPE,0.000,0.000,0.000,6.509,,,QLD,Wallumbilla Hub,540032,2026/08/24 12:46:30
2026/08/23,BWP,540096,PIPE,0.000,6.354,0.000,0.000,,,QLD,Regional - QLD,590001,2026/08/24 12:46:30
2026/08/23,CGP,540059,PIPE,0.000,0.000,67.431,0.000,,,QLD,Ballera,540078,2026/08/24 12:46:30
2026/08/23,CGP,540059,PIPE,69.063,0.000,0.000,0.000,,,QLD,Regional - QLD,590001,2026/08/24 12:46:30
2026/08/23,Channel Island Power Station,580231,BBGPG,18.013,0.000,0.000,0.000,,,NT,Darwin,580001,2026/08/24 12:46:30
2026/08/23,Colongra,523120,BBGPG,0.000,0.000,0.000,0.000,,,NSW,Regional - NSW,590011,2026/08/24 12:00:05
2026/08/23,ColongraGP,520090,PIPE,-1.518,0.000,0.000,0.000,,,NSW,Sydney,520008,2026/08/24 12:00:05
2026/08/23,ColongraGP,520090,PIPE,0.000,0.000,0.000,0.000,,,NSW,Regional - NSW,590011,2026/08/24 12:00:05
2026/08/23,Combabula,540094,PROD,0.000,291.876,0.000,0.000,,,QLD,Regional - QLD,590001,2026/08/28 11:30:12
2026/08/23,Condabri Central,540080,PROD,0.000,140.690,0.000,0.000,,,QLD,Regional - QLD,590001,2026/08/28 11:30:12
2026/08/23,Condabri North,540090,PROD,0.000,164.059,0.000,0.000,,,QLD,Regional - QLD,590001,2026/08/28 11:30:12
2026/08/23,Condabri South,540086,PROD,0.000,156.905,0.000,0.000,,,QLD,Regional - QLD,590001,2026/08/28 11:30:12
2026/08/23,Condamine Power Station,544274,BBGPG,0.000,0.000,0.000,0.000,,,QLD,Regional - QLD,590001,2026/08/24 10:35:42
2026/08/23,CRWP,540098,PIPE,0.000,0.000,157.885,0.000,,,QLD,Wallumbilla Hub,540032,2026/08/24 11:13:06
2026/08/23,CRWP,540098,PIPE,0.000,236.716,39.359,432.188,,,QLD,Regional - QLD,590001,2026/08/24 11:13:06
2026/08/23,CWP,520054,PIPE,3.826,0.000,3.883,0.000,,,NSW,Regional - NSW,590011,2026/08/24 12:46:30
2026/08/23,Daandine,540050,PROD,0.000,54.206,0.000,0.000,,,QLD,Regional - QLD,590001,2026/08/24 10:21:26
2026/08/23,Dandenong LNG,530038,STOR,0.000,0.294,0.000,0.000,607.265,27.889,VIC,Melbourne,590008,2026/08/24 12:46:30
2026/08/23,DDP,540097,PIPE,0.000,0.000,0.000,201.249,,,QLD,Wallumbilla Hub,540032,2026/09/02 10:01:16
2026/08/23,DDP,540097,PIPE,0.002,544.227,123.220,470.034,,,QLD,Regional - QLD,590001,2026/09/02 10:01:16
2026/08/23,DDPS,544027,BBGPG,0.002,0.000,0.000,0.000,,,QLD,Regional - QLD,590001,2026/09/02 10:01:16
2026/08/23,Diamantina Power Station,544077,BBGPG,30.596,0.000,0.000,0.000,,,QLD,Regional - QLD,590001,2026/08/24 12:46:30
2026/08/23,Dry Creek Power Station,555026,BBGPG,0.000,0.000,0.000,0.000,,,SA,Regional - SA,590013,2026/08/24 11:31:05
2026/08/23,EGP,520047,PIPE,119.713,0.000,0.000,0.000,,,NSW,Sydney,520008,2026/08/24 12:01:05
2026/08/23,EGP,520047,PIPE,13.463,0.000,0.000,0.000,,,NSW,Canberra,520009,2026/08/24 12:01:05
2026/08/23,EGP,520047,PIPE,0.000,195.702,0.000,86.836,,,VIC,Longford Hub,530015,2026/08/24 12:01:05
2026/08/23,EGP,520047,PIPE,5.069,0.000,0.000,22.038,,,NSW,Regional - NSW,590011,2026/08/24 12:01:05
2026/08/23,EGP,520047,PIPE,0.835,68.310,0.000,0.000,,,VIC,Regional - VIC,590012,2026/08/24 12:01:05
2026/08/23,EO4PL,540055,PIPE,0.000,0.000,0.000,0.000,,,QLD,Regional - QLD,590001,2026/09/01 17:03:11
2026/08/23,Eurombah Creek,540089,PROD,0.000,148.704,0.000,0.000,,,QLD,Regional - QLD,590001,2026/08/28 11:30:12
2026/08/23,Fairview,540070,PROD,0.000,279.306,0.000,0.000,,,QLD,Regional - QLD,590001,2026/08/24 11:14:11
2026/08/23,GLNG (Curtis Island),544276,LNGEXPORT,819.294,0.000,0.000,0.000,,,QLD,Curtis Island,540030,2026/08/24 11:13:06
2026/08/23,GLNG Pipeline,540092,PIPE,819.294,0.000,0.000,0.000,,,QLD,Curtis Island,540030,2026/08/24 11:13:06
2026/08/23,GLNG Pipeline,540092,PIPE,0.000,412.233,441.345,0.047,,,QLD,Regional - QLD,590001,2026/09/01 17:03:11
2026/08/23,Hallett,555029,BBGPG,0.000,0.000,0.000,0.000,,,SA,Regional - SA,590013,2026/08/24 11:31:05
2026/08/23,Hunter Power Station,523210,BBGPG,0.000,0.000,0.000,0.000,,,NSW,Sydney,520008,2026/08/24 12:46:30
2026/08/23,ICF,530071,COMPRESSOR,0.000,0.000,9.000,9.000,,,VIC,Iona Hub,530016,2026/08/24 08:35:03
2026/08/23,Iona UGS,530042,STOR,32.115,23.658,0.000,0.000,13393.373,0.000,VIC,Iona Hub,530016,2026/08/24 08:30:04
2026/08/23,Jeerelang,533161,BBGPG,0.000,0.000,0.000,0.000,,,VIC,Gippsland,590009,2026/08/31 11:00:04
2026/08/23,Jordan,540088,PROD,0.000,333.004,0.000,0.000,,,QLD,Regional - QLD,590001,2026/09/01 17:03:11
2026/08/23,Katherine Power Station,580233,BBGPG,0.000,0.000,0.000,0.000,,,NT,Regional - NT,590017,2026/08/24 12:46:30
2026/08/23,Kenya,540075,PROD,0.000,120.690,0.000,0.000,,,QLD,Regional - QLD,590001,2026/09/01 17:03:11
2026/08/23,Kincora,544253,PROD,0.000,4.000,0.000,0.000,,,QLD,Regional - QLD,590001,2026/08/24 12:46:30
2026/08/23,KKLP,523209,PIPE,0.000,0.000,0.000,0.000,,,NSW,Sydney,520008,2026/08/24 12:46:30
2026/08/23,Kogan North,540061,PROD,0.000,4.227,0.000,0.000,,,QLD,Regional - QLD,590001,2026/08/24 12:46:30
2026/08/23,Ladbroke Grove PS,555086,BBGPG,1.082,0.000,0.000,0.000,,,SA,Regional - SA,590013,2026/08/24 12:46:30
2026/08/23,Lang Lang,530039,PROD,0.000,20.060,0.000,0.000,,,VIC,Gippsland,590009,2026/08/24 08:34:26
2026/08/23,Laverton,533201,BBGPG,0.000,0.000,0.000,0.000,,,VIC,Geelong,590005,2026/08/31 11:00:04
2026/08/23,Longford,530040,PROD,0.000,620.564,0.000,0.000,,,VIC,Longford Hub,530015,2026/08/24 08:51:11
2026/08/23,Loy Yang B,533163,BBGPG,0.000,0.000,0.000,0.000,,,VIC,Gippsland,590009,2026/08/24 11:00:45
2026/08/23,LYB Transmission Pipeline,535023,PIPE,0.004,0.000,0.000,0.000,,,VIC,Gippsland,590009,2026/08/24 11:00:45
2026/08/23,MAPS,550054,PIPE,28.371,0.000,0.000,0.000,,,SA,Adelaide,550016,2026/08/24 11:31:05
2026/08/23,MAPS,550054,PIPE,0.000,34.984,50.998,0.000,,,SA,Moomba Hub,550017,2026/08/24 11:31:05
2026/08/23,MAPS,550054,PIPE,63.398,0.000,13.001,0.000,,,SA,Regional - SA,590013,2026/08/24 11:31:05
2026/08/23,McArthur River Mine,580220,BBGPG,9.228,0.000,0.000,0.000,,,NT,Regional - NT,590017,2026/08/24 08:59:08
2026/08/23,MCF,550050,COMPRESSOR,0.000,0.000,117.892,117.892,,,SA,Moomba Hub,550017,2026/08/24 12:46:30
2026/08/23,Mereenie,580040,PROD,0.000,26.191,0.000,0.000,,,NT,Regional - NT,590017,2026/08/24 11:17:06
2026/08/23,Meridian,540064,PROD,0.000,44.487,0.000,0.000,,,QLD,Regional - QLD,590001,2026/08/24 09:39:03
2026/08/23,Mintaro Power Station,555031,BBGPG,0.000,0.000,0.000,0.000,,,SA,Regional - SA,590013,2026/08/24 11:31:05
2026/08/23,Moomba,550045,PROD,0.000,213.600,0.000,0.000,,,SA,Moomba Hub,550017,2026/08/28 21:10:51
2026/08/23,Moomba Storage,550046,STOR,0.000,0.000,0.000,0.000,6303.600,0.000,SA,Moomba Hub,550017,2026/08/28 21:10:51
2026/08/23,Mortlake PS,530063,BBGPG,0.000,0.000,0.000,0.000,,,VIC,Regional - VIC,590012,2026/08/24 07:20:00
2026/08/23,MPL,530061,PIPE,0.000,0.000,0.045,0.000,,,VIC,Iona Hub,530016,2026/08/24 07:20:00
2026/08/23,MPL,530061,PIPE,0.000,0.000,0.000,0.000,,,VIC,Regional - VIC,590012,2026/08/24 07:20:00
2026/08/23,MRP,580100,PIPE,9.228,0.000,9.229,0.000,,,NT,Regional - NT,590017,2026/08/24 08:59:08
2026/08/23,MSP,520053,PIPE,92.492,0.000,0.000,0.000,,,NSW,Sydney,520008,2026/08/24 12:46:30
2026/08/23,MSP,520053,PIPE,0.000,0.000,12.891,0.200,,,SA,Moomba Hub,550017,2026/08/24 12:46:30
2026/08/23,MSP,520053,PIPE,32.745,0.000,0.000,3.883,,,NSW,Regional - NSW,590011,2026/08/24 12:46:30
2026/08/23,MSP,520053,PIPE,10.076,0.000,0.000,0.000,,,NSW,Regional - ACT,590015,2026/08/24 12:46:30
2026/08/23,MSP,520053,PIPE,0.000,0.000,101.778,0.000,,,NSW,Culcairn,590016,2026/08/24 12:46:30
2026/08/23,Newport,533171,BBGPG,0.004,0.000,0.000,0.000,,,VIC,Melbourne,590008,2026/08/31 11:00:04
2026/08/23,NGP,580050,PIPE,0.000,0.000,0.000,0.000,,,QLD,Regional - QLD,590001,2026/08/24 12:01:32
2026/08/23,NGP,580050,PIPE,0.000,0.000,0.000,0.000,,,NT,Regional - NT,590017,2026/08/24 12:01:32
2026/08/23,NGS,520060,STOR,0.010,0.446,0.000,0.000,671.063,76.828,NSW,Sydney,520008,2026/08/24 07:01:40
2026/08/23,Oakey PS,544095,BBGPG,0.000,0.000,0.000,0.000,,,QLD,Regional - QLD,590001,2026/08/24 12:46:30
2026/08/23,Orana,540084,PROD,0.000,167.562,0.000,0.000,,,QLD,Regional - QLD,590001,2026/08/28 11:30:12
2026/08/23,Orbost,530041,PROD,0.000,68.310,0.000,0.000,,,VIC,Regional - VIC,590012,2026/08/24 12:01:05
2026/08/23,Orica,544011,BBLARGE,9.794,0.000,0.000,0.000,,,QLD,Regional - QLD,590001,2026/08/24 13:00:05
2026/08/23,Orica (Kooragang Island),523206,BBLARGE,38.389,0.000,0.000,0.000,,,NSW,Sydney,520008,2026/08/24 13:00:00
2026/08/23,Osborne,555033,BBGPG,12.019,0.000,0.000,0.000,,,SA,Regional - SA,590013,2026/08/24 11:31:05
2026/08/23,Otway,530044,PROD,0.000,164.074,0.000,0.000,,,VIC,Iona Hub,530016,2026/08/24 11:41:45
2026/08/23,Owen Springs Power Station,580235,BBGPG,0.326,0.000,0.000,0.000,,,NT,Regional - NT,590017,2026/08/24 06:41:09
2026/08/23,Palm Valley,580060,PROD,0.000,4.589,0.000,0.000,,,NT,Regional - NT,590017,2026/08/24 11:17:06
2026/08/23,PCA,550052,PIPE,0.000,15.022,44.962,1.022,,,VIC,Iona Hub,530016,2026/08/24 07:20:01
2026/08/23,PCA,550052,PIPE,22.219,0.000,0.000,0.000,,,SA,Adelaide,550016,2026/08/24 07:20:01
2026/08/23,PCA,550052,PIPE,0.000,0.000,0.000,8.230,,,VIC,Regional - VIC,590012,2026/08/24 07:20:01
2026/08/23,PCA,550052,PIPE,0.345,0.000,0.000,13.017,,,SA,Regional - SA,590013,2026/08/24 07:20:01
2026/08/23,PCI,530060,PIPE,0.000,175.602,1.022,176.624,,,VIC,Iona Hub,530016,2026/08/24 07:20:01
2026/08/23,Peat,540065,PROD,0.000,11.837,0.000,0.000,,,QLD,Regional - QLD,590001,2026/08/28 11:30:12
2026/08/23,Pelican Point Power Station,555089,BBGPG,18.348,0.000,0.000,0.000,,,SA,Regional - SA,590013,2026/08/24 07:20:01
2026/08/23,Phosphate Hill,544081,BBLARGE,24.774,0.000,0.000,0.000,,,QLD,Regional - QLD,590001,2026/08/24 12:46:30
2026/08/23,Pipeline Compression Station,544279,COMPRESSOR,0.000,0.000,0.000,0.000,,,QLD,Regional - QLD,590001,2026/08/24 11:13:06
2026/08/23,PVP,580070,PIPE,0.765,0.000,0.958,0.000,,,NT,Regional - NT,590017,2026/08/24 06:41:09
2026/08/23,QCLNG LNG Plant,544272,LNGEXPORT,1497.966,0.000,0.000,0.000,,,QLD,Curtis Island,540030,2026/09/01 17:03:11
2026/08/23,QGP,540058,PIPE,0.000,0.000,0.000,0.000,,,QLD,Wallumbilla Hub,540032,2026/08/24 13:00:05
2026/08/23,QGP,540058,PIPE,99.927,24.576,76.887,0.985,,,QLD,Regional - QLD,590001,2026/08/24 13:00:05
2026/08/23,Quarantine Power Station,555087,BBGPG,0.000,0.000,0.000,0.000,,,SA,Regional - SA,590013,2026/08/24 11:31:05
2026/08/23,Queensland Aluminia,544012,BBLARGE,26.778,0.000,0.000,0.000,,,QLD,Regional - QLD,590001,2026/08/24 13:00:05
2026/08/23,RBP,540057,PIPE,0.000,0.000,9.998,27.795,,,QLD,Wallumbilla Hub,540032,2026/08/24 12:46:30
2026/08/23,RBP,540057,PIPE,2.136,20.064,35.515,10.536,,,QLD,Regional - QLD,590001,2026/08/24 12:46:30
2026/08/23,RBP,540057,PIPE,34.405,0.000,0.000,0.000,,,QLD,Brisbane,590002,2026/08/24 12:46:30
2026/08/23,RCWP,540102,PIPE,0.000,0.000,14.972,0.000,,,QLD,Wallumbilla Hub,540032,2026/08/24 12:46:30
2026/08/23,RCWP,540102,PIPE,0.000,0.000,36.231,50.374,,,QLD,Regional - QLD,590001,2026/08/24 12:46:30
2026/08/23,Reedy Creek,540085,PROD,0.000,198.773,0.000,0.000,,,QLD,Regional - QLD,590001,2026/08/28 11:30:12
2026/08/23,RMNGPF,640011,PROD,0.000,16.980,0.000,0.000,,,QLD,Regional - QLD,590001,2026/08/24 11:25:43
2026/08/23,RNMGP,640012,PIPE,0.000,16.980,0.000,16.980,,,QLD,Regional - QLD,590001,2026/08/24 11:25:43
2026/08/23,RNP,640009,PIPE,0.000,22.379,0.000,22.379,,,QLD,Regional - QLD,590001,2026/08/24 12:01:08
2026/08/23,Rolleston,540073,PROD,0.000,8.913,0.000,0.000,,,QLD,Regional - QLD,590001,2026/08/24 13:00:05
2026/08/23,Roma,540095,PROD,0.000,-0.057,0.000,0.000,,,QLD,Regional - QLD,590001,2026/08/24 11:14:20
2026/08/23,Roma North,544260,PROD,0.000,22.379,0.000,0.000,,,QLD,Regional - QLD,590001,2026/08/24 12:01:33
2026/08/23,Roma Power Station,540120,BBGPG,0.000,0.000,0.000,0.000,,,QLD,Regional - QLD,590001,2026/08/24 11:42:58
2026/08/23,Ron Goodin Power Station,580234,BBGPG,0.000,0.000,0.000,0.000,,,NT,Regional - NT,590017,2026/08/24 06:41:09
2026/08/23,RPL,540110,PIPE,0.047,0.000,0.000,0.000,,,QLD,Regional - QLD,590001,2026/08/24 11:42:58
2026/08/23,Ruby Jo,540082,PROD,0.000,427.063,0.000,0.000,,,QLD,Regional - QLD,590001,2026/09/01 17:03:11
2026/08/23,RUGS,540040,STOR,0.000,3.278,0.000,0.000,15133.369,0.000,QLD,Regional - QLD,590001,2026/08/24 11:14:20
2026/08/23,Scotia,540072,PROD,0.000,97.713,0.000,0.000,,,QLD,Regional - QLD,590001,2026/08/24 11:14:20
2026/08/23,SEPS,550061,PIPE,6.961,0.000,6.964,0.000,,,SA,Regional - SA,590013,2026/08/24 11:32:05
2026/08/23,SESA,550060,PIPE,0.000,0.000,8.229,0.000,,,VIC,Regional - VIC,590012,2026/08/24 12:46:30
2026/08/23,SESA,550060,PIPE,1.082,0.000,0.000,6.969,,,SA,Regional - SA,590013,2026/08/24 12:46:30
2026/08/23,Shoalhaven Starches Cogeneration Plant,523203,BBLARGE,22.038,0.000,0.000,0.000,,,NSW,Regional - NSW,590011,2026/08/24 12:54:35
2026/08/23,Smithfield Energy Facility,522004,BBGPG,0.000,0.000,0.000,0.000,,,NSW,Regional - NSW,590011,2026/08/24 12:04:19
2026/08/23,Snapper Point,555090,BBGPG,0.001,0.000,0.000,0.000,,,SA,Regional - SA,590013,2026/08/24 11:31:05
2026/08/23,Somerton,533174,BBGPG,0.001,0.000,0.000,0.000,,,VIC,Melbourne,590008,2026/08/31 11:00:04
2026/08/23,Spring Gully,540066,PROD,0.000,55.828,0.000,0.000,,,QLD,Regional - QLD,590001,2026/08/28 11:30:12
2026/08/23,SSP,540103,PIPE,0.000,7.570,0.000,7.570,,,QLD,Regional - QLD,590001,2026/08/24 09:54:17
2026/08/23,SSSF,540062,STOR,0.000,7.500,0.000,0.000,8531.492,0.000,QLD,Regional - QLD,590001,2026/08/24 09:54:17
2026/08/23,Strathblane,540067,PROD,0.000,43.366,0.000,0.000,,,QLD,Regional - QLD,590001,2026/08/28 11:30:12
2026/08/23,Swanbank Power Station,544104,BBGPG,0.000,0.000,0.000,0.000,,,QLD,Brisbane,590002,2026/08/24 12:46:30
2026/08/23,SWQP,540060,PIPE,0.000,0.000,236.538,182.855,,,QLD,Wallumbilla Hub,540032,2026/08/24 12:46:30
2026/08/23,SWQP,540060,PIPE,0.000,0.000,0.000,72.168,,,QLD,Ballera,540078,2026/08/24 12:46:30
2026/08/23,SWQP,540060,PIPE,0.000,181.580,0.000,63.689,,,SA,Moomba Hub,550017,2026/08/24 12:46:30
2026/08/23,SWQP,540060,PIPE,0.118,0.000,0.000,0.000,,,QLD,Regional - QLD,590001,2026/08/24 12:46:30
2026/08/23,Talinga,540076,PROD,0.000,83.039,0.000,0.000,,,QLD,Regional - QLD,590001,2026/08/28 11:30:12
2026/08/23,Tallawarra,522002,BBGPG,0.000,0.000,0.000,0.000,,,NSW,Regional - NSW,590011,2026/08/24 11:00:09
2026/08/23,Tallawarra Pipeline,523201,PIPE,0.000,0.000,0.000,0.000,,,NSW,Regional - NSW,590011,2026/08/24 11:00:09
2026/08/23,Taloona,540068,PROD,0.000,40.982,0.000,0.000,,,QLD,Regional - QLD,590001,2026/08/28 11:30:12
2026/08/23,Tanami GP,580210,PIPE,8.635,0.000,8.740,0.000,,,NT,Regional - NT,590017,2026/08/24 12:02:00
2026/08/23,TGP,570050,PIPE,0.000,0.000,81.434,45.397,,,VIC,Longford Hub,530015,2026/08/25 12:01:00
2026/08/23,TGP,570050,PIPE,16.684,0.000,0.000,0.000,,,TAS,Regional - TAS,590014,2026/08/25 12:01:00
2026/08/23,Tipton,540051,PROD,0.000,34.782,0.000,0.000,,,QLD,Regional - QLD,590001,2026/08/24 10:21:24
2026/08/23,Torrens Island PS,555041,BBGPG,14.843,0.000,0.000,0.000,,,SA,Regional - SA,590013,2026/08/24 11:31:05
2026/08/23,Uranquinty Power Station,522047,BBGPG,0.000,0.000,0.000,0.000,,,NSW,Regional - NSW,590011,2026/08/24 12:46:30
2026/08/23,Valley Power GPG,535024,BBGPG,0.004,0.000,0.000,0.000,,,VIC,Gippsland,590009,2026/08/24 11:00:45
2026/08/23,VicHub,532005,PIPE,0.000,0.000,5.402,5.402,,,VIC,Longford Hub,530015,2026/08/24 12:01:35
2026/08/23,Viva Energy Refinery,535018,BBLARGE,8.518,0.000,0.000,0.000,,,VIC,Geelong,590005,2026/08/24 07:30:16
2026/08/23,VTS,530110,PIPE,0.000,423.265,50.813,0.002,,,VIC,Longford Hub,530015,2026/08/31 11:00:04
2026/08/23,VTS,530110,PIPE,18.012,0.510,131.619,0.000,,,VIC,Iona Hub,530016,2026/08/31 11:00:04
2026/08/23,VTS,530110,PIPE,10.058,0.000,0.000,0.000,,,VIC,Western,590004,2026/08/31 11:00:04
2026/08/23,VTS,530110,PIPE,49.798,0.000,0.000,0.000,,,VIC,Geelong,590005,2026/08/31 11:00:04
2026/08/23,VTS,530110,PIPE,35.404,0.000,0.000,0.000,,,VIC,Ballarat,590006,2026/08/31 11:00:04
2026/08/23,VTS,530110,PIPE,58.037,0.000,0.000,0.000,,,VIC,Northern,590007,2026/08/31 11:00:04
2026/08/23,VTS,530110,PIPE,310.386,0.231,0.000,0.000,,,VIC,Melbourne,590008,2026/08/31 11:00:04
2026/08/23,VTS,530110,PIPE,32.350,0.000,17.657,0.000,,,VIC,Gippsland,590009,2026/08/31 11:00:04
2026/08/23,VTS,530110,PIPE,0.000,0.000,0.000,101.777,,,NSW,Culcairn,590016,2026/08/31 11:00:04
2026/08/23,Wallumbilla Compression Station,544280,COMPRESSOR,0.000,0.000,0.000,0.000,,,QLD,Wallumbilla Hub,540032,2026/08/24 11:13:06
2026/08/23,WCFA,540045,COMPRESSOR,0.000,0.000,102.917,102.917,,,QLD,Wallumbilla Hub,540032,2026/08/24 12:46:30
2026/08/23,WCFB,540046,COMPRESSOR,0.000,0.000,122.318,122.318,,,QLD,Wallumbilla Hub,540032,2026/08/24 12:46:30
2026/08/23,Weddell Power Station,580232,BBGPG,14.157,0.000,0.000,0.000,,,NT,Darwin,580001,2026/08/24 12:46:30
2026/08/23,WGP,540091,PIPE,1497.966,0.000,0.000,0.000,,,QLD,Curtis Island,540030,2026/09/01 17:03:11
2026/08/23,WGP,540091,PIPE,0.000,1453.690,61.675,0.000,,,QLD,Regional - QLD,590001,2026/09/01 17:03:11
2026/08/23,Whyalla Steelworks,555085,BBLARGE,3.563,0.000,0.000,0.000,,,SA,Regional - SA,590013,2026/08/24 11:31:05
2026/08/23,Windibri,540069,PROD,0.000,89.033,0.000,0.000,,,QLD,Regional - QLD,590001,2026/09/01 17:03:11
2026/08/23,Woleebee Creek,540087,PROD,0.000,642.625,0.000,0.000,,,QLD,Regional - QLD,590001,2026/09/01 17:03:11
2026/08/23,WPP,580030,PIPE,14.157,25.137,0.000,10.969,,,NT,Darwin,580001,2026/08/24 12:46:30
2026/08/23,Yarwun,544282,BBGPG,47.252,0.000,0.000,0.000,,,QLD,Regional - QLD,590001,2026/08/24 13:00:05
2026/08/23,Yelcherr,580180,PROD,0.000,0.000,0.000,0.000,,,NT,Regional - NT,590017,2026/08/24 12:46:30
2026/08/23,Yellowbank,540074,PROD,0.000,11.413,0.000,0.000,,,QLD,Regional - QLD,590001,2026/08/24 13:00:05
2026/08/24,Adelaide Brighton,555091,BBLARGE,9.777,0.000,0.000,0.000,,,SA,Adelaide,550016,2026/09/01 13:00:01
2026/08/24,AGP,580010,PIPE,21.848,0.000,13.413,0.000,,,NT,Darwin,580001,2026/08/25 12:46:30
2026/08/24,AGP,580010,PIPE,7.038,31.494,0.000,18.308,,,NT,Regional - NT,590017,2026/08/25 12:46:30
2026/08/24,APLNG Pipeline,540093,PIPE,1680.290,0.000,0.000,0.000,,,QLD,Curtis Island,540030,2026/08/29 11:30:13
2026/08/24,APLNG Pipeline,540093,PIPE,0.000,1341.691,487.934,150.856,,,QLD,Regional - QLD,590001,2026/08/29 11:30:13
2026/08/24,Arcadia,540101,PROD,0.000,92.609,0.000,0.000,,,QLD,Regional - QLD,590001,2026/08/25 10:58:20
2026/08/24,ATGP,640013,PIPE,0.000,41.383,0.000,41.383,,,QLD,Regional - QLD,590001,2026/08/25 12:01:10
2026/08/24,ATHENA,535014,PROD,0.000,17.571,0.000,0.000,,,VIC,Iona Hub,530016,2026/08/29 10:23:29
2026/08/24,Atlas,544261,PROD,0.000,41.383,0.000,0.000,,,QLD,Regional - QLD,590001,2026/08/25 12:01:15
2026/08/24,Atlas East Central Processing Facility,640008,PROD,0.000,34.330,0.000,0.000,,,QLD,Regional - QLD,590001,2026/08/25 11:43:05
2026/08/24,Atlas to Reedy Creek Pipeline,640007,PIPE,0.000,34.332,0.000,32.500,,,QLD,Regional - QLD,590001,2026/08/25 12:46:30
2026/08/24,Australia Pacific LNG,544273,LNGEXPORT,1679.752,0.000,0.000,0.000,,,QLD,Curtis Island,540030,2026/08/25 12:00:25
2026/08/24,Australian Paper (Opal),535021,BBLARGE,9.885,0.000,0.000,0.000,,,VIC,Gippsland,590009,2026/08/31 11:00:04
2026/08/24,B1PL,540077,PIPE,0.035,33.571,0.000,31.124,,,QLD,Regional - QLD,590001,2026/08/25 11:00:47
2026/08/24,B2PL,540071,PIPE,0.000,53.962,4.006,60.710,,,QLD,Regional - QLD,590001,2026/08/25 10:25:26
2026/08/24,Bairnsdale Power Station,535020,BBGPG,0.000,0.000,0.000,0.000,,,VIC,Regional - VIC,590012,2026/08/25 11:00:44
2026/08/24,BCF,540047,COMPRESSOR,0.000,0.000,72.700,72.700,,,QLD,Regional - QLD,590001,2026/08/29 21:01:27
2026/08/24,Bell Bay CCGT,577016,BBGPG,20.113,0.000,0.000,0.000,,,TAS,Regional - TAS,590014,2026/08/26 12:01:00
2026/08/24,Bell Bay GGT,577014,BBGPG,0.398,0.000,0.000,0.000,,,TAS,Regional - TAS,590014,2026/08/26 12:01:00
2026/08/24,Bell Bay OCGT,577015,BBGPG,0.403,0.000,0.000,0.000,,,TAS,Regional - TAS,590014,2026/08/26 12:01:00
2026/08/24,Bellevue,540083,PROD,0.000,148.209,0.000,0.000,,,QLD,Regional - QLD,590001,2026/09/01 17:03:59
2026/08/24,BGP,580020,PIPE,0.318,0.000,0.000,0.000,,,NT,Regional - NT,590017,2026/08/25 12:46:30
2026/08/24,BlueScope,523204,BBLARGE,8.490,0.000,0.000,0.000,,,NSW,Sydney,520008,2026/08/25 12:01:05
2026/08/24,Bolivar,555008,BBGPG,0.000,0.000,0.000,0.000,,,SA,Regional - SA,590013,2026/08/25 12:03:47
2026/08/24,Bomaderry Gas Pipeline,523202,PIPE,19.848,0.000,22.266,0.000,,,NSW,Regional - NSW,590011,2026/08/26 12:38:23
2026/08/24,BPP,530030,PIPE,2.320,20.010,0.000,17.694,,,VIC,Gippsland,590009,2026/08/31 11:00:04
2026/08/24,Braemar 2 Power Station,544085,BBGPG,0.000,0.000,0.000,0.000,,,QLD,Regional - QLD,590001,2026/08/25 10:25:26
2026/08/24,Braemar Power Station,544252,BBGPG,0.035,0.000,0.000,0.000,,,QLD,Regional - QLD,590001,2026/08/25 11:00:47
2026/08/24,BWP,540096,PIPE,0.000,0.000,0.000,5.092,,,QLD,Wallumbilla Hub,540032,2026/08/25 12:46:30
2026/08/24,BWP,540096,PIPE,0.000,5.046,0.000,0.000,,,QLD,Regional - QLD,590001,2026/08/25 12:46:30
2026/08/24,CGP,540059,PIPE,0.000,0.000,72.677,0.000,,,QLD,Ballera,540078,2026/08/25 12:46:30
2026/08/24,CGP,540059,PIPE,71.667,0.000,0.000,0.000,,,QLD,Regional - QLD,590001,2026/08/25 12:46:30
2026/08/24,Channel Island Power Station,580231,BBGPG,21.848,0.000,0.000,0.000,,,NT,Darwin,580001,2026/08/25 12:46:30
2026/08/24,Colongra,523120,BBGPG,0.000,0.000,0.000,0.000,,,NSW,Regional - NSW,590011,2026/08/25 12:00:05
2026/08/24,ColongraGP,520090,PIPE,0.000,0.000,0.000,0.000,,,NSW,Sydney,520008,2026/08/25 12:00:05
2026/08/24,ColongraGP,520090,PIPE,0.000,0.000,0.000,0.000,,,NSW,Regional - NSW,590011,2026/08/25 12:00:05
2026/08/24,Combabula,540094,PROD,0.000,291.581,0.000,0.000,,,QLD,Regional - QLD,590001,2026/08/29 11:30:13
2026/08/24,Condabri Central,540080,PROD,0.000,140.692,0.000,0.000,,,QLD,Regional - QLD,590001,2026/08/29 11:30:13
2026/08/24,Condabri North,540090,PROD,0.000,164.005,0.000,0.000,,,QLD,Regional - QLD,590001,2026/08/29 11:30:13
2026/08/24,Condabri South,540086,PROD,0.000,157.054,0.000,0.000,,,QLD,Regional - QLD,590001,2026/08/29 11:30:13
2026/08/24,Condamine Power Station,544274,BBGPG,0.009,0.000,0.000,0.000,,,QLD,Regional - QLD,590001,2026/08/25 10:35:46
2026/08/24,CRWP,540098,PIPE,0.000,0.000,157.837,0.000,,,QLD,Wallumbilla Hub,540032,2026/08/25 10:58:04
2026/08/24,CRWP,540098,PIPE,0.000,237.297,39.454,431.329,,,QLD,Regional - QLD,590001,2026/08/25 10:58:04
2026/08/24,CWP,520054,PIPE,3.389,0.000,2.169,0.000,,,NSW,Regional - NSW,590011,2026/08/25 12:46:30
2026/08/24,Daandine,540050,PROD,0.000,53.962,0.000,0.000,,,QLD,Regional - QLD,590001,2026/08/25 10:25:44
2026/08/24,Dandenong LNG,530038,STOR,0.000,0.277,0.000,0.000,606.731,27.889,VIC,Melbourne,590008,2026/08/25 12:46:30
2026/08/24,DDP,540097,PIPE,0.000,0.000,0.000,185.869,,,QLD,Wallumbilla Hub,540032,2026/09/02 10:01:17
2026/08/24,DDP,540097,PIPE,0.002,539.581,106.306,463.897,,,QLD,Regional - QLD,590001,2026/09/02 10:01:17
2026/08/24,DDPS,544027,BBGPG,0.002,0.000,0.000,0.000,,,QLD,Regional - QLD,590001,2026/09/02 10:01:17
2026/08/24,Diamantina Power Station,544077,BBGPG,33.159,0.000,0.000,0.000,,,QLD,Regional - QLD,590001,2026/08/25 12:46:30
2026/08/24,Dry Creek Power Station,555026,BBGPG,0.000,0.000,0.000,0.000,,,SA,Regional - SA,590013,2026/08/25 11:31:05
2026/08/24,EGP,520047,PIPE,122.178,0.000,0.000,0.000,,,NSW,Sydney,520008,2026/08/25 12:01:05
2026/08/24,EGP,520047,PIPE,12.318,0.000,0.000,0.000,,,NSW,Canberra,520009,2026/08/25 12:01:05
2026/08/24,EGP,520047,PIPE,0.000,192.613,0.000,96.997,,,VIC,Longford Hub,530015,2026/08/25 12:01:05
2026/08/24,EGP,520047,PIPE,5.309,0.000,0.000,22.266,,,NSW,Regional - NSW,590011,2026/08/25 12:01:05
2026/08/24,EGP,520047,PIPE,1.071,68.388,0.000,0.000,,,VIC,Regional - VIC,590012,2026/08/25 12:01:05
2026/08/24,EO4PL,540055,PIPE,0.000,0.000,0.000,0.000,,,QLD,Regional - QLD,590001,2026/09/01 17:03:59
2026/08/24,Eurombah Creek,540089,PROD,0.000,147.652,0.000,0.000,,,QLD,Regional - QLD,590001,2026/08/29 11:30:13
2026/08/24,Fairview,540070,PROD,0.000,278.397,0.000,0.000,,,QLD,Regional - QLD,590001,2026/08/25 10:58:20
2026/08/24,GLNG (Curtis Island),544276,LNGEXPORT,796.095,0.000,0.000,0.000,,,QLD,Curtis Island,540030,2026/08/25 10:58:04
2026/08/24,GLNG Pipeline,540092,PIPE,796.095,0.000,0.000,0.000,,,QLD,Curtis Island,540030,2026/08/25 10:58:04
2026/08/24,GLNG Pipeline,540092,PIPE,0.000,409.846,440.401,0.000,,,QLD,Regional - QLD,590001,2026/09/01 17:03:59
2026/08/24,Hallett,555029,BBGPG,0.000,0.000,0.000,0.000,,,SA,Regional - SA,590013,2026/08/25 11:31:05
2026/08/24,Hunter Power Station,523210,BBGPG,0.000,0.000,0.000,0.000,,,NSW,Sydney,520008,2026/08/25 12:46:30
2026/08/24,ICF,530071,COMPRESSOR,0.000,0.000,8.000,8.000,,,VIC,Iona Hub,530016,2026/08/25 08:35:03
2026/08/24,Iona UGS,530042,STOR,39.144,17.147,0.000,0.000,13415.370,0.000,VIC,Iona Hub,530016,2026/08/25 08:30:03
2026/08/24,Jeerelang,533161,BBGPG,0.000,0.000,0.000,0.000,,,VIC,Gippsland,590009,2026/08/31 11:00:04
2026/08/24,Jordan,540088,PROD,0.000,333.738,0.000,0.000,,,QLD,Regional - QLD,590001,2026/09/01 17:03:59
2026/08/24,Katherine Power Station,580233,BBGPG,0.000,0.000,0.000,0.000,,,NT,Regional - NT,590017,2026/08/25 12:46:30
2026/08/24,Kenya,540075,PROD,0.000,120.790,0.000,0.000,,,QLD,Regional - QLD,590001,2026/09/01 17:03:59
2026/08/24,Kincora,544253,PROD,0.000,4.000,0.000,0.000,,,QLD,Regional - QLD,590001,2026/08/25 12:46:30
2026/08/24,KKLP,523209,PIPE,0.000,0.000,0.000,0.000,,,NSW,Sydney,520008,2026/08/25 12:46:30
2026/08/24,Kogan North,540061,PROD,0.000,4.179,0.000,0.000,,,QLD,Regional - QLD,590001,2026/08/25 12:46:30
2026/08/24,Ladbroke Grove PS,555086,BBGPG,6.716,0.000,0.000,0.000,,,SA,Regional - SA,590013,2026/08/25 12:46:30
2026/08/24,Lang Lang,530039,PROD,0.000,20.010,0.000,0.000,,,VIC,Gippsland,590009,2026/08/25 11:19:11
2026/08/24,Laverton,533201,BBGPG,0.000,0.000,0.000,0.000,,,VIC,Geelong,590005,2026/08/31 11:00:04
2026/08/24,Longford,530040,PROD,0.000,617.962,0.000,0.000,,,VIC,Longford Hub,530015,2026/08/25 08:33:33
2026/08/24,Loy Yang B,533163,BBGPG,0.000,0.000,0.000,0.000,,,VIC,Gippsland,590009,2026/08/25 11:00:46
2026/08/24,LYB Transmission Pipeline,535023,PIPE,0.001,0.000,0.000,0.000,,,VIC,Gippsland,590009,2026/08/25 11:00:46
2026/08/24,MAPS,550054,PIPE,43.753,0.000,0.000,0.000,,,SA,Adelaide,550016,2026/08/25 11:31:05
2026/08/24,MAPS,550054,PIPE,0.000,39.484,45.350,0.000,,,SA,Moomba Hub,550017,2026/08/25 11:31:05
2026/08/24,MAPS,550054,PIPE,48.341,0.000,15.000,0.000,,,SA,Regional - SA,590013,2026/08/25 11:31:05
2026/08/24,McArthur River Mine,580220,BBGPG,8.574,0.000,0.000,0.000,,,NT,Regional - NT,590017,2026/08/25 09:16:19
2026/08/24,MCF,550050,COMPRESSOR,0.000,0.000,133.986,133.986,,,SA,Moomba Hub,550017,2026/08/25 12:46:30
2026/08/24,Mereenie,580040,PROD,0.000,25.853,0.000,0.000,,,NT,Regional - NT,590017,2026/08/25 11:26:44
2026/08/24,Meridian,540064,PROD,0.000,43.090,0.000,0.000,,,QLD,Regional - QLD,590001,2026/08/25 09:39:16
2026/08/24,Mintaro Power Station,555031,BBGPG,0.000,0.000,0.000,0.000,,,SA,Regional - SA,590013,2026/08/25 11:31:05
2026/08/24,Moomba,550045,PROD,0.000,220.300,0.000,0.000,,,SA,Moomba Hub,550017,2026/08/29 21:01:27
2026/08/24,Moomba Storage,550046,STOR,0.000,1.900,0.000,0.000,6301.800,0.000,SA,Moomba Hub,550017,2026/08/29 21:01:27
2026/08/24,Mortlake PS,530063,BBGPG,15.379,0.000,0.000,0.000,,,VIC,Regional - VIC,590012,2026/08/25 07:20:00
2026/08/24,MPL,530061,PIPE,0.000,0.000,7.739,0.000,,,VIC,Iona Hub,530016,2026/08/25 07:20:00
2026/08/24,MPL,530061,PIPE,15.379,0.000,0.000,0.000,,,VIC,Regional - VIC,590012,2026/08/25 07:20:00
2026/08/24,MRP,580100,PIPE,8.574,0.000,8.574,0.000,,,NT,Regional - NT,590017,2026/08/25 09:16:19
2026/08/24,MSP,520053,PIPE,107.570,0.000,0.000,0.000,,,NSW,Sydney,520008,2026/08/25 12:46:30
2026/08/24,MSP,520053,PIPE,0.000,0.000,8.000,0.500,,,SA,Moomba Hub,550017,2026/08/25 12:46:30
2026/08/24,MSP,520053,PIPE,35.502,0.000,0.000,2.169,,,NSW,Regional - NSW,590011,2026/08/25 12:46:30
2026/08/24,MSP,520053,PIPE,11.667,0.000,0.000,0.000,,,NSW,Regional - ACT,590015,2026/08/25 12:46:30
2026/08/24,MSP,520053,PIPE,0.000,0.000,80.279,0.000,,,NSW,Culcairn,590016,2026/08/25 12:46:30
2026/08/24,Newport,533171,BBGPG,0.004,0.000,0.000,0.000,,,VIC,Melbourne,590008,2026/08/31 11:00:04
2026/08/24,NGP,580050,PIPE,0.000,0.000,0.000,0.000,,,QLD,Regional - QLD,590001,2026/08/25 12:01:13
2026/08/24,NGP,580050,PIPE,0.000,0.000,0.000,0.000,,,NT,Regional - NT,590017,2026/08/25 12:01:13
2026/08/24,NGS,520060,STOR,0.110,0.714,0.000,0.000,670.236,76.828,NSW,Sydney,520008,2026/08/25 07:49:48
2026/08/24,Oakey PS,544095,BBGPG,0.000,0.000,0.000,0.000,,,QLD,Regional - QLD,590001,2026/08/25 12:46:30
2026/08/24,Orana,540084,PROD,0.000,167.463,0.000,0.000,,,QLD,Regional - QLD,590001,2026/08/29 11:30:13
2026/08/24,Orbost,530041,PROD,0.000,68.388,0.000,0.000,,,VIC,Regional - VIC,590012,2026/08/25 12:01:05
2026/08/24,Orica,544011,BBLARGE,9.085,0.000,0.000,0.000,,,QLD,Regional - QLD,590001,2026/08/25 12:01:06
2026/08/24,Orica (Kooragang Island),523206,BBLARGE,39.575,0.000,0.000,0.000,,,NSW,Sydney,520008,2026/08/25 13:00:00
2026/08/24,Osborne,555033,BBGPG,0.000,0.000,0.000,0.000,,,SA,Regional - SA,590013,2026/08/25 11:31:05
2026/08/24,Otway,530044,PROD,0.000,163.910,0.000,0.000,,,VIC,Iona Hub,530016,2026/08/25 11:20:16
2026/08/24,Owen Springs Power Station,580235,BBGPG,0.374,0.000,0.000,0.000,,,NT,Regional - NT,590017,2026/08/25 06:41:02
2026/08/24,Palm Valley,580060,PROD,0.000,5.641,0.000,0.000,,,NT,Regional - NT,590017,2026/08/25 11:26:44
2026/08/24,PCA,550052,PIPE,0.000,14.042,42.126,1.019,,,VIC,Iona Hub,530016,2026/08/25 07:20:01
2026/08/24,PCA,550052,PIPE,19.455,0.000,0.000,0.000,,,SA,Adelaide,550016,2026/08/25 07:20:01
2026/08/24,PCA,550052,PIPE,0.000,0.000,0.000,14.644,,,VIC,Regional - VIC,590012,2026/08/25 07:20:01
2026/08/24,PCA,550052,PIPE,12.060,0.000,0.000,15.007,,,SA,Regional - SA,590013,2026/08/25 07:20:01
2026/08/24,PCI,530060,PIPE,0.000,175.423,1.019,176.442,,,VIC,Iona Hub,530016,2026/08/25 07:20:01
2026/08/24,Peat,540065,PROD,0.000,10.559,0.000,0.000,,,QLD,Regional - QLD,590001,2026/08/29 11:30:13
2026/08/24,Pelican Point Power Station,555089,BBGPG,14.816,0.000,0.000,0.000,,,SA,Regional - SA,590013,2026/08/25 07:20:01
2026/08/24,Phosphate Hill,544081,BBLARGE,24.499,0.000,0.000,0.000,,,QLD,Regional - QLD,590001,2026/08/25 12:46:30
2026/08/24,Pipeline Compression Station,544279,COMPRESSOR,0.000,0.000,0.000,0.000,,,QLD,Regional - QLD,590001,2026/08/25 10:58:04
2026/08/24,PVP,580070,PIPE,0.822,0.000,0.994,0.000,,,NT,Regional - NT,590017,2026/08/25 06:41:02
2026/08/24,QCLNG LNG Plant,544272,LNGEXPORT,1505.553,0.000,0.000,0.000,,,QLD,Curtis Island,540030,2026/09/01 17:03:59
2026/08/24,QGP,540058,PIPE,0.000,0.000,0.968,0.000,,,QLD,Wallumbilla Hub,540032,2026/08/25 12:01:06
2026/08/24,QGP,540058,PIPE,103.541,22.591,76.886,0.000,,,QLD,Regional - QLD,590001,2026/08/25 12:01:06
2026/08/24,Quarantine Power Station,555087,BBGPG,11.712,0.000,0.000,0.000,,,SA,Regional - SA,590013,2026/08/25 11:31:05
2026/08/24,Queensland Aluminia,544012,BBLARGE,27.376,0.000,0.000,0.000,,,QLD,Regional - QLD,590001,2026/08/25 12:01:06
2026/08/24,RBP,540057,PIPE,0.000,0.000,15.729,11.300,,,QLD,Wallumbilla Hub,540032,2026/08/25 12:46:30
2026/08/24,RBP,540057,PIPE,3.917,18.738,38.424,4.006,,,QLD,Regional - QLD,590001,2026/08/25 12:46:30
2026/08/24,RBP,540057,PIPE,50.176,0.000,0.000,0.000,,,QLD,Brisbane,590002,2026/08/25 12:46:30
2026/08/24,RCWP,540102,PIPE,0.000,0.000,0.083,8.438,,,QLD,Wallumbilla Hub,540032,2026/08/25 12:46:30
2026/08/24,RCWP,540102,PIPE,0.000,0.000,32.500,24.037,,,QLD,Regional - QLD,590001,2026/08/25 12:46:30
2026/08/24,Reedy Creek,540085,PROD,0.000,198.665,0.000,0.000,,,QLD,Regional - QLD,590001,2026/08/29 11:30:13
2026/08/24,RMNGPF,640011,PROD,0.000,16.960,0.000,0.000,,,QLD,Regional - QLD,590001,2026/08/25 11:43:14
2026/08/24,RNMGP,640012,PIPE,0.000,16.960,0.000,16.960,,,QLD,Regional - QLD,590001,2026/08/25 11:43:14
2026/08/24,RNP,640009,PIPE,0.000,22.494,0.000,22.494,,,QLD,Regional - QLD,590001,2026/08/25 12:01:08
2026/08/24,Rolleston,540073,PROD,0.000,6.681,0.000,0.000,,,QLD,Regional - QLD,590001,2026/08/25 12:01:06
2026/08/24,Roma,540095,PROD,0.000,237.297,0.000,0.000,,,QLD,Regional - QLD,590001,2026/08/25 10:58:24
2026/08/24,Roma North,544260,PROD,0.000,22.494,0.000,0.000,,,QLD,Regional - QLD,590001,2026/08/25 12:01:14
2026/08/24,Roma Power Station,540120,BBGPG,0.000,0.000,0.000,0.000,,,QLD,Regional - QLD,590001,2026/08/25 11:55:58
2026/08/24,Ron Goodin Power Station,580234,BBGPG,0.000,0.000,0.000,0.000,,,NT,Regional - NT,590017,2026/08/25 06:41:02
2026/08/24,RPL,540110,PIPE,0.052,0.000,0.000,0.000,,,QLD,Regional - QLD,590001,2026/08/25 11:55:58
2026/08/24,Ruby Jo,540082,PROD,0.000,425.474,0.000,0.000,,,QLD,Regional - QLD,590001,2026/09/01 17:03:59
2026/08/24,RUGS,540040,STOR,0.000,3.404,0.000,0.000,15129.959,0.000,QLD,Regional - QLD,590001,2026/08/25 10:58:24
2026/08/24,Scotia,540072,PROD,0.000,96.665,0.000,0.000,,,QLD,Regional - QLD,590001,2026/08/25 10:58:24
2026/08/24,SEPS,550061,PIPE,7.544,0.000,7.581,0.000,,,SA,Regional - SA,590013,2026/08/25 11:32:05
2026/08/24,SESA,550060,PIPE,0.000,0.000,14.643,0.000,,,VIC,Regional - VIC,590012,2026/08/25 12:46:30
2026/08/24,SESA,550060,PIPE,6.716,0.000,0.000,7.576,,,SA,Regional - SA,590013,2026/08/25 12:46:30
2026/08/24,Shoalhaven Starches Cogeneration Plant,523203,BBLARGE,19.848,0.000,0.000,0.000,,,NSW,Regional - NSW,590011,2026/08/26 12:38:23
2026/08/24,Smithfield Energy Facility,522004,BBGPG,0.000,0.000,0.000,0.000,,,NSW,Regional - NSW,590011,2026/08/25 12:03:53
2026/08/24,Snapper Point,555090,BBGPG,0.000,0.000,0.000,0.000,,,SA,Regional - SA,590013,2026/08/25 11:31:05
2026/08/24,Somerton,533174,BBGPG,0.002,0.000,0.000,0.000,,,VIC,Melbourne,590008,2026/08/31 11:00:04
2026/08/24,Spring Gully,540066,PROD,0.000,55.430,0.000,0.000,,,QLD,Regional - QLD,590001,2026/08/29 11:30:13
2026/08/24,SSP,540103,PIPE,0.000,7.860,0.000,7.860,,,QLD,Regional - QLD,590001,2026/08/25 10:36:29
2026/08/24,SSSF,540062,STOR,0.000,7.500,0.000,0.000,8523.632,0.000,QLD,Regional - QLD,590001,2026/08/25 10:36:29
2026/08/24,Strathblane,540067,PROD,0.000,45.478,0.000,0.000,,,QLD,Regional - QLD,590001,2026/08/29 11:30:13
2026/08/24,Swanbank Power Station,544104,BBGPG,0.000,0.000,0.000,0.000,,,QLD,Brisbane,590002,2026/08/25 12:46:30
2026/08/24,SWQP,540060,PIPE,0.000,0.000,210.699,174.617,,,QLD,Wallumbilla Hub,540032,2026/08/25 12:46:30
2026/08/24,SWQP,540060,PIPE,0.000,0.000,0.000,77.417,,,QLD,Ballera,540078,2026/08/25 12:46:30
2026/08/24,SWQP,540060,PIPE,0.000,186.836,0.000,52.850,,,SA,Moomba Hub,550017,2026/08/25 12:46:30
2026/08/24,SWQP,540060,PIPE,0.118,0.000,0.000,0.000,,,QLD,Regional - QLD,590001,2026/08/25 12:46:30
2026/08/24,Talinga,540076,PROD,0.000,81.809,0.000,0.000,,,QLD,Regional - QLD,590001,2026/08/29 11:30:13
2026/08/24,Tallawarra,522002,BBGPG,0.000,0.000,0.000,0.000,,,NSW,Regional - NSW,590011,2026/08/25 11:00:04
2026/08/24,Tallawarra Pipeline,523201,PIPE,0.000,0.000,0.000,0.000,,,NSW,Regional - NSW,590011,2026/08/25 11:00:04
2026/08/24,Taloona,540068,PROD,0.000,40.729,0.000,0.000,,,QLD,Regional - QLD,590001,2026/08/29 11:30:13
2026/08/24,Tanami GP,580210,PIPE,8.532,0.000,8.740,0.000,,,NT,Regional - NT,590017,2026/08/25 12:02:00
2026/08/24,TGP,570050,PIPE,0.000,0.000,84.699,35.890,,,VIC,Longford Hub,530015,2026/08/26 12:01:00
2026/08/24,TGP,570050,PIPE,35.475,0.000,0.000,0.000,,,TAS,Regional - TAS,590014,2026/08/26 12:01:00
2026/08/24,Tipton,540051,PROD,0.000,33.571,0.000,0.000,,,QLD,Regional - QLD,590001,2026/08/25 10:25:35
2026/08/24,Torrens Island PS,555041,BBGPG,10.224,0.000,0.000,0.000,,,SA,Regional - SA,590013,2026/08/25 11:31:05
2026/08/24,Uranquinty Power Station,522047,BBGPG,0.000,0.000,0.000,0.000,,,NSW,Regional - NSW,590011,2026/08/25 12:46:30
2026/08/24,Valley Power GPG,535024,BBGPG,0.001,0.000,0.000,0.000,,,VIC,Gippsland,590009,2026/08/25 11:00:46
2026/08/24,VicHub,532005,PIPE,0.000,0.000,12.312,12.312,,,VIC,Longford Hub,530015,2026/08/25 12:01:16
2026/08/24,Viva Energy Refinery,535018,BBLARGE,9.685,0.000,0.000,0.000,,,VIC,Geelong,590005,2026/08/25 07:30:17
2026/08/24,VTS,530110,PIPE,0.000,423.692,48.214,0.000,,,VIC,Longford Hub,530015,2026/08/31 11:00:04
2026/08/24,VTS,530110,PIPE,29.922,0.002,126.577,0.000,,,VIC,Iona Hub,530016,2026/08/31 11:00:04
2026/08/24,VTS,530110,PIPE,12.061,0.000,0.000,0.000,,,VIC,Western,590004,2026/08/31 11:00:04
2026/08/24,VTS,530110,PIPE,52.690,0.000,0.000,0.000,,,VIC,Geelong,590005,2026/08/31 11:00:04
2026/08/24,VTS,530110,PIPE,34.755,0.000,0.000,0.000,,,VIC,Ballarat,590006,2026/08/31 11:00:04
2026/08/24,VTS,530110,PIPE,61.457,0.000,0.000,0.000,,,VIC,Northern,590007,2026/08/31 11:00:04
2026/08/24,VTS,530110,PIPE,299.054,0.210,0.000,0.000,,,VIC,Melbourne,590008,2026/08/31 11:00:04
2026/08/24,VTS,530110,PIPE,34.387,0.000,17.694,0.000,,,VIC,Gippsland,590009,2026/08/31 11:00:04
2026/08/24,VTS,530110,PIPE,0.000,0.000,0.000,80.279,,,NSW,Culcairn,590016,2026/08/31 11:00:04
2026/08/24,Wallumbilla Compression Station,544280,COMPRESSOR,0.000,0.000,0.000,0.000,,,QLD,Wallumbilla Hub,540032,2026/08/25 10:58:04
2026/08/24,WCFA,540045,COMPRESSOR,0.000,0.000,77.118,77.118,,,QLD,Wallumbilla Hub,540032,2026/08/25 12:46:30
2026/08/24,WCFB,540046,COMPRESSOR,0.000,0.000,122.268,122.268,,,QLD,Wallumbilla Hub,540032,2026/08/25 12:46:30
2026/08/24,Weddell Power Station,580232,BBGPG,11.886,0.000,0.000,0.000,,,NT,Darwin,580001,2026/08/25 12:46:30
2026/08/24,WGP,540091,PIPE,1505.553,0.000,0.000,0.000,,,QLD,Curtis Island,540030,2026/09/01 17:03:59
2026/08/24,WGP,540091,PIPE,0.000,1460.553,60.710,0.000,,,QLD,Regional - QLD,590001,2026/09/01 17:03:59
2026/08/24,Whyalla Steelworks,555085,BBLARGE,5.101,0.000,0.000,0.000,,,SA,Regional - SA,590013,2026/08/25 11:31:05
2026/08/24,Windibri,540069,PROD,0.000,92.325,0.000,0.000,,,QLD,Regional - QLD,590001,2026/09/01 17:03:59
2026/08/24,Woleebee Creek,540087,PROD,0.000,641.820,0.000,0.000,,,QLD,Regional - QLD,590001,2026/09/01 17:03:59
2026/08/24,WPP,580030,PIPE,11.886,25.277,0.000,13.413,,,NT,Darwin,580001,2026/08/25 12:46:30
2026/08/24,Yarwun,544282,BBGPG,50.189,0.000,0.000,0.000,,,QLD,Regional - QLD,590001,2026/08/25 12:01:06
2026/08/24,Yelcherr,580180,PROD,0.000,0.000,0.000,0.000,,,NT,Regional - NT,590017,2026/08/25 12:46:30
2026/08/24,Yellowbank,540074,PROD,0.000,11.660,0.000,0.000,,,QLD,Regional - QLD,590001,2026/08/25 12:01:06
2026/08/25,Adelaide Brighton,555091,BBLARGE,9.349,0.000,0.000,0.000,,,SA,Adelaide,550016,2026/09/01 13:00:01
2026/08/25,AGP,580010,PIPE,21.449,0.000,12.160,0.000,,,NT,Darwin,580001,2026/08/26 12:46:13
2026/08/25,AGP,580010,PIPE,6.964,31.865,0.000,15.888,,,NT,Regional - NT,590017,2026/08/26 12:46:13
2026/08/25,APLNG Pipeline,540093,PIPE,1663.232,0.000,0.000,0.000,,,QLD,Curtis Island,540030,2026/08/30 11:46:35
2026/08/25,APLNG Pipeline,540093,PIPE,0.000,1339.675,494.968,165.934,,,QLD,Regional - QLD,590001,2026/08/30 11:46:35
2026/08/25,Arcadia,540101,PROD,0.000,91.511,0.000,0.000,,,QLD,Regional - QLD,590001,2026/08/26 11:13:17
2026/08/25,ATGP,640013,PIPE,0.000,42.524,0.000,42.524,,,QLD,Regional - QLD,590001,2026/08/26 12:01:14
2026/08/25,ATHENA,535014,PROD,0.000,17.493,0.000,0.000,,,VIC,Iona Hub,530016,2026/08/30 10:00:09
2026/08/25,Atlas,544261,PROD,0.000,42.524,0.000,0.000,,,QLD,Regional - QLD,590001,2026/08/26 12:01:18
2026/08/25,Atlas East Central Processing Facility,640008,PROD,0.000,33.530,0.000,0.000,,,QLD,Regional - QLD,590001,2026/08/26 08:49:03
2026/08/25,Atlas to Reedy Creek Pipeline,640007,PIPE,0.000,33.521,0.000,33.398,,,QLD,Regional - QLD,590001,2026/08/26 12:46:13
2026/08/25,Australia Pacific LNG,544273,LNGEXPORT,1663.232,0.000,0.000,0.000,,,QLD,Curtis Island,540030,2026/08/26 12:00:25
2026/08/25,Australian Paper (Opal),535021,BBLARGE,8.009,0.000,0.000,0.000,,,VIC,Gippsland,590009,2026/08/31 11:00:04
2026/08/25,B1PL,540077,PIPE,6.059,37.548,0.000,37.645,,,QLD,Regional - QLD,590001,2026/08/26 11:00:47
2026/08/25,B2PL,540071,PIPE,0.000,51.303,7.006,59.699,,,QLD,Regional - QLD,590001,2026/08/26 12:30:13
2026/08/25,Bairnsdale Power Station,535020,BBGPG,0.000,0.000,0.000,0.000,,,VIC,Regional - VIC,590012,2026/08/26 11:00:49
2026/08/25,BCF,540047,COMPRESSOR,0.000,0.000,75.100,75.100,,,QLD,Regional - QLD,590001,2026/08/30 21:10:41
2026/08/25,Bell Bay CCGT,577016,BBGPG,26.927,0.000,0.000,0.000,,,TAS,Regional - TAS,590014,2026/08/27 12:01:00
2026/08/25,Bell Bay GGT,577014,BBGPG,0.000,0.000,0.000,0.000,,,TAS,Regional - TAS,590014,2026/08/27 12:01:00
2026/08/25,Bell Bay OCGT,577015,BBGPG,0.000,0.000,0.000,0.000,,,TAS,Regional - TAS,590014,2026/08/27 12:01:00
2026/08/25,Bellevue,540083,PROD,0.000,148.327,0.000,0.000,,,QLD,Regional - QLD,590001,2026/09/01 17:04:39
2026/08/25,BGP,580020,PIPE,0.327,0.000,0.000,0.000,,,NT,Regional - NT,590017,2026/08/26 12:46:13
2026/08/25,BlueScope,523204,BBLARGE,8.607,0.000,0.000,0.000,,,NSW,Sydney,520008,2026/08/26 12:01:05
2026/08/25,Bolivar,555008,BBGPG,0.129,0.000,0.000,0.000,,,SA,Regional - SA,590013,2026/08/26 12:06:11
2026/08/25,Bomaderry Gas Pipeline,523202,PIPE,0.000,0.000,19.848,0.000,,,NSW,Regional - NSW,590011,2026/08/26 12:01:05
2026/08/25,BPP,530030,PIPE,2.720,19.100,0.000,16.379,,,VIC,Gippsland,590009,2026/08/31 11:00:04
2026/08/25,Braemar 2 Power Station,544085,BBGPG,0.000,0.000,0.000,0.000,,,QLD,Regional - QLD,590001,2026/08/26 12:30:13
2026/08/25,Braemar Power Station,544252,BBGPG,6.059,0.000,0.000,0.000,,,QLD,Regional - QLD,590001,2026/08/26 11:00:47
2026/08/25,BWP,540096,PIPE,0.000,0.000,0.000,13.171,,,QLD,Wallumbilla Hub,540032,2026/08/26 12:46:13
2026/08/25,BWP,540096,PIPE,0.000,15.851,0.000,0.000,,,QLD,Regional - QLD,590001,2026/08/26 12:46:13
2026/08/25,CGP,540059,PIPE,0.000,0.000,75.107,0.000,,,QLD,Ballera,540078,2026/08/26 12:46:13
2026/08/25,CGP,540059,PIPE,73.227,0.000,0.000,0.000,,,QLD,Regional - QLD,590001,2026/08/26 12:46:13
2026/08/25,Channel Island Power Station,580231,BBGPG,21.449,0.000,0.000,0.000,,,NT,Darwin,580001,2026/08/26 12:46:13
2026/08/25,Colongra,523120,BBGPG,0.000,0.000,0.000,0.000,,,NSW,Regional - NSW,590011,2026/08/26 12:00:05
2026/08/25,ColongraGP,520090,PIPE,0.000,0.000,0.000,0.000,,,NSW,Sydney,520008,2026/08/26 12:00:05
2026/08/25,ColongraGP,520090,PIPE,0.000,0.000,0.000,0.000,,,NSW,Regional - NSW,590011,2026/08/26 12:00:05
2026/08/25,Combabula,540094,PROD,0.000,291.460,0.000,0.000,,,QLD,Regional - QLD,590001,2026/08/30 11:46:35
2026/08/25,Condabri Central,540080,PROD,0.000,140.750,0.000,0.000,,,QLD,Regional - QLD,590001,2026/08/30 11:46:35
2026/08/25,Condabri North,540090,PROD,0.000,163.575,0.000,0.000,,,QLD,Regional - QLD,590001,2026/08/30 11:46:35
2026/08/25,Condabri South,540086,PROD,0.000,157.511,0.000,0.000,,,QLD,Regional - QLD,590001,2026/08/30 11:46:35
2026/08/25,Condamine Power Station,544274,BBGPG,0.076,0.000,0.000,0.000,,,QLD,Regional - QLD,590001,2026/08/26 10:35:37
2026/08/25,CRWP,540098,PIPE,0.000,0.000,193.297,0.000,,,QLD,Wallumbilla Hub,540032,2026/08/26 11:13:05
2026/08/25,CRWP,540098,PIPE,0.000,234.180,39.522,392.182,,,QLD,Regional - QLD,590001,2026/08/26 11:13:05
2026/08/25,CWP,520054,PIPE,4.852,0.000,5.032,0.000,,,NSW,Regional - NSW,590011,2026/08/26 12:46:13
2026/08/25,Daandine,540050,PROD,0.000,54.375,0.000,0.000,,,QLD,Regional - QLD,590001,2026/08/26 12:30:13
2026/08/25,Dandenong LNG,530038,STOR,0.000,0.278,0.000,0.000,606.505,27.889,VIC,Melbourne,590008,2026/08/26 12:46:13
2026/08/25,DDP,540097,PIPE,0.000,0.000,0.000,204.329,,,QLD,Wallumbilla Hub,540032,2026/09/02 10:01:18
2026/08/25,DDP,540097,PIPE,0.002,540.091,121.985,465.742,,,QLD,Regional - QLD,590001,2026/09/02 10:01:18
2026/08/25,DDPS,544027,BBGPG,0.002,0.000,0.000,0.000,,,QLD,Regional - QLD,590001,2026/09/02 10:01:18
2026/08/25,Diamantina Power Station,544077,BBGPG,38.526,0.000,0.000,0.000,,,QLD,Regional - QLD,590001,2026/08/26 12:46:13
2026/08/25,Dry Creek Power Station,555026,BBGPG,0.268,0.000,0.000,0.000,,,SA,Regional - SA,590013,2026/08/26 11:31:05
2026/08/25,EGP,520047,PIPE,132.867,0.000,0.000,0.000,,,NSW,Sydney,520008,2026/08/26 12:01:05
2026/08/25,EGP,520047,PIPE,12.442,0.000,0.000,0.000,,,NSW,Canberra,520009,2026/08/26 12:01:05
2026/08/25,EGP,520047,PIPE,0.000,193.771,0.000,91.808,,,VIC,Longford Hub,530015,2026/08/26 12:01:05
2026/08/25,EGP,520047,PIPE,5.349,0.000,0.000,19.848,,,NSW,Regional - NSW,590011,2026/08/26 12:01:05
2026/08/25,EGP,520047,PIPE,0.914,67.818,0.000,0.000,,,VIC,Regional - VIC,590012,2026/08/26 12:01:05
2026/08/25,EO4PL,540055,PIPE,0.000,0.000,0.000,0.000,,,QLD,Regional - QLD,590001,2026/09/01 17:04:39
2026/08/25,Eurombah Creek,540089,PROD,0.000,146.700,0.000,0.000,,,QLD,Regional - QLD,590001,2026/08/30 11:46:35
2026/08/25,Fairview,540070,PROD,0.000,283.604,0.000,0.000,,,QLD,Regional - QLD,590001,2026/08/26 11:13:17
2026/08/25,GLNG (Curtis Island),544276,LNGEXPORT,817.494,0.000,0.000,0.000,,,QLD,Curtis Island,540030,2026/08/26 11:13:05
2026/08/25,GLNG Pipeline,540092,PIPE,817.494,0.000,0.000,0.000,,,QLD,Curtis Island,540030,2026/08/26 11:13:05
2026/08/25,GLNG Pipeline,540092,PIPE,0.000,416.158,401.336,0.000,,,QLD,Regional - QLD,590001,2026/09/01 17:04:39
2026/08/25,Hallett,555029,BBGPG,0.000,0.000,0.000,0.000,,,SA,Regional - SA,590013,2026/08/26 11:31:05
2026/08/25,Hunter Power Station,523210,BBGPG,0.000,0.000,0.000,0.000,,,NSW,Sydney,520008,2026/08/26 12:46:13
2026/08/25,ICF,530071,COMPRESSOR,0.000,0.000,20.288,20.288,,,VIC,Iona Hub,530016,2026/08/26 08:35:04
2026/08/25,Iona UGS,530042,STOR,41.236,33.290,0.000,0.000,13423.316,0.000,VIC,Iona Hub,530016,2026/08/26 08:30:04
2026/08/25,Jeerelang,533161,BBGPG,0.000,0.000,0.000,0.000,,,VIC,Gippsland,590009,2026/08/31 11:00:04
2026/08/25,Jordan,540088,PROD,0.000,334.264,0.000,0.000,,,QLD,Regional - QLD,590001,2026/09/01 17:04:39
2026/08/25,Katherine Power Station,580233,BBGPG,0.000,0.000,0.000,0.000,,,NT,Regional - NT,590017,2026/08/26 12:46:13
2026/08/25,Kenya,540075,PROD,0.000,121.917,0.000,0.000,,,QLD,Regional - QLD,590001,2026/09/01 17:04:39
2026/08/25,Kincora,544253,PROD,0.000,4.000,0.000,0.000,,,QLD,Regional - QLD,590001,2026/08/26 12:46:13
2026/08/25,KKLP,523209,PIPE,0.000,0.000,0.000,0.000,,,NSW,Sydney,520008,2026/08/26 12:46:13
2026/08/25,Kogan North,540061,PROD,0.000,4.176,0.000,0.000,,,QLD,Regional - QLD,590001,2026/08/26 12:46:13
2026/08/25,Ladbroke Grove PS,555086,BBGPG,12.020,0.000,0.000,0.000,,,SA,Regional - SA,590013,2026/08/26 12:46:13
2026/08/25,Lang Lang,530039,PROD,0.000,19.100,0.000,0.000,,,VIC,Gippsland,590009,2026/08/26 08:52:37
2026/08/25,Laverton,533201,BBGPG,0.000,0.000,0.000,0.000,,,VIC,Geelong,590005,2026/08/31 11:00:04
2026/08/25,Longford,530040,PROD,0.000,627.256,0.000,0.000,,,VIC,Longford Hub,530015,2026/08/26 09:51:46
2026/08/25,Loy Yang B,533163,BBGPG,0.000,0.000,0.000,0.000,,,VIC,Gippsland,590009,2026/08/26 11:00:45
2026/08/25,LYB Transmission Pipeline,535023,PIPE,0.002,0.000,0.003,0.000,,,VIC,Gippsland,590009,2026/08/26 11:00:45
2026/08/25,MAPS,550054,PIPE,53.095,0.000,0.000,0.000,,,SA,Adelaide,550016,2026/08/26 11:31:05
2026/08/25,MAPS,550054,PIPE,0.000,38.894,99.517,0.000,,,SA,Moomba Hub,550017,2026/08/26 11:31:05
2026/08/25,MAPS,550054,PIPE,100.023,0.000,14.999,0.000,,,SA,Regional - SA,590013,2026/08/26 11:31:05
2026/08/25,McArthur River Mine,580220,BBGPG,6.110,0.000,0.000,0.000,,,NT,Regional - NT,590017,2026/08/26 08:57:08
2026/08/25,MCF,550050,COMPRESSOR,0.000,0.000,0.000,0.000,,,SA,Moomba Hub,550017,2026/08/26 12:46:13
2026/08/25,Mereenie,580040,PROD,0.000,26.196,0.000,0.000,,,NT,Regional - NT,590017,2026/08/26 11:36:01
2026/08/25,Meridian,540064,PROD,0.000,45.293,0.000,0.000,,,QLD,Regional - QLD,590001,2026/08/26 09:39:05
2026/08/25,Mintaro Power Station,555031,BBGPG,0.000,0.000,0.000,0.000,,,SA,Regional - SA,590013,2026/08/26 11:31:05
2026/08/25,Moomba,550045,PROD,0.000,219.800,0.000,0.000,,,SA,Moomba Hub,550017,2026/08/30 21:10:41
2026/08/25,Moomba Storage,550046,STOR,0.000,1.400,0.000,0.000,6300.400,0.000,SA,Moomba Hub,550017,2026/08/30 21:10:41
2026/08/25,Mortlake PS,530063,BBGPG,35.155,0.000,0.000,0.000,,,VIC,Regional - VIC,590012,2026/08/26 07:20:00
2026/08/25,MPL,530061,PIPE,0.000,0.000,48.701,0.000,,,VIC,Iona Hub,530016,2026/08/26 07:20:00
2026/08/25,MPL,530061,PIPE,35.155,0.000,0.000,0.000,,,VIC,Regional - VIC,590012,2026/08/26 07:20:00
2026/08/25,MRP,580100,PIPE,6.110,0.000,6.111,0.000,,,NT,Regional - NT,590017,2026/08/26 08:57:08
2026/08/25,MSP,520053,PIPE,103.765,0.000,0.000,0.000,,,NSW,Sydney,520008,2026/08/26 12:46:13
2026/08/25,MSP,520053,PIPE,0.000,0.000,125.434,16.852,,,SA,Moomba Hub,550017,2026/08/26 12:46:13
2026/08/25,MSP,520053,PIPE,43.742,0.000,0.000,5.032,,,NSW,Regional - NSW,590011,2026/08/26 12:46:13
2026/08/25,MSP,520053,PIPE,12.452,0.000,0.000,0.000,,,NSW,Regional - ACT,590015,2026/08/26 12:46:13
2026/08/25,MSP,520053,PIPE,0.000,0.000,93.383,0.000,,,NSW,Culcairn,590016,2026/08/26 12:46:13
2026/08/25,Newport,533171,BBGPG,0.002,0.000,0.000,0.000,,,VIC,Melbourne,590008,2026/08/31 11:00:04
2026/08/25,NGP,580050,PIPE,0.000,0.000,0.000,0.000,,,QLD,Regional - QLD,590001,2026/08/26 12:01:16
2026/08/25,NGP,580050,PIPE,0.000,0.000,0.000,0.000,,,NT,Regional - NT,590017,2026/08/26 12:01:16
2026/08/25,NGS,520060,STOR,0.040,0.745,0.000,0.000,669.290,76.828,NSW,Sydney,520008,2026/08/26 07:06:37
2026/08/25,Oakey PS,544095,BBGPG,0.000,0.000,0.000,0.000,,,QLD,Regional - QLD,590001,2026/08/26 12:46:13
2026/08/25,Orana,540084,PROD,0.000,167.186,0.000,0.000,,,QLD,Regional - QLD,590001,2026/08/30 11:46:35
2026/08/25,Orbost,530041,PROD,0.000,67.818,0.000,0.000,,,VIC,Regional - VIC,590012,2026/08/26 12:01:05
2026/08/25,Orica,544011,BBLARGE,7.180,0.000,0.000,0.000,,,QLD,Regional - QLD,590001,2026/08/26 19:01:05
2026/08/25,Orica (Kooragang Island),523206,BBLARGE,39.101,0.000,0.000,0.000,,,NSW,Sydney,520008,2026/08/26 13:00:00
2026/08/25,Osborne,555033,BBGPG,20.729,0.000,0.000,0.000,,,SA,Regional - SA,590013,2026/08/26 11:31:05
2026/08/25,Otway,530044,PROD,0.000,166.436,0.000,0.000,,,VIC,Iona Hub,530016,2026/08/26 10:46:55
2026/08/25,Owen Springs Power Station,580235,BBGPG,0.411,0.000,0.000,0.000,,,NT,Regional - NT,590017,2026/08/26 06:41:30
2026/08/25,Palm Valley,580060,PROD,0.000,5.669,0.000,0.000,,,NT,Regional - NT,590017,2026/08/26 11:36:01
2026/08/25,PCA,550052,PIPE,0.000,11.202,13.862,1.173,,,VIC,Iona Hub,530016,2026/08/26 07:20:01
2026/08/25,PCA,550052,PIPE,11.855,0.000,0.000,0.000,,,SA,Adelaide,550016,2026/08/26 07:20:01
2026/08/25,PCA,550052,PIPE,0.000,0.000,0.000,19.997,,,VIC,Regional - VIC,590012,2026/08/26 07:20:01
2026/08/25,PCA,550052,PIPE,8.572,0.000,0.000,14.981,,,SA,Regional - SA,590013,2026/08/26 07:20:01
2026/08/25,PCI,530060,PIPE,0.000,192.911,1.173,194.084,,,VIC,Iona Hub,530016,2026/08/26 07:20:01
2026/08/25,Peat,540065,PROD,0.000,9.929,0.000,0.000,,,QLD,Regional - QLD,590001,2026/08/30 11:46:35
2026/08/25,Pelican Point Power Station,555089,BBGPG,25.865,0.000,0.000,0.000,,,SA,Regional - SA,590013,2026/08/26 07:20:01
2026/08/25,Phosphate Hill,544081,BBLARGE,23.581,0.000,0.000,0.000,,,QLD,Regional - QLD,590001,2026/08/26 12:46:13
2026/08/25,Pipeline Compression Station,544279,COMPRESSOR,0.000,0.000,0.000,0.000,,,QLD,Regional - QLD,590001,2026/08/26 11:13:05
2026/08/25,PVP,580070,PIPE,0.884,0.000,1.037,0.000,,,NT,Regional - NT,590017,2026/08/26 06:41:30
2026/08/25,QCLNG LNG Plant,544272,LNGEXPORT,1504.925,0.000,0.000,0.000,,,QLD,Curtis Island,540030,2026/09/01 17:04:39
2026/08/25,QGP,540058,PIPE,0.000,0.000,2.593,0.000,,,QLD,Wallumbilla Hub,540032,2026/08/26 19:01:05
2026/08/25,QGP,540058,PIPE,101.204,25.405,76.886,0.000,,,QLD,Regional - QLD,590001,2026/08/26 19:01:05
2026/08/25,Quarantine Power Station,555087,BBGPG,7.931,0.000,0.000,0.000,,,SA,Regional - SA,590013,2026/08/26 11:31:05
2026/08/25,Queensland Aluminia,544012,BBLARGE,26.654,0.000,0.000,0.000,,,QLD,Regional - QLD,590001,2026/08/26 19:01:05
2026/08/25,RBP,540057,PIPE,0.000,0.000,4.646,10.300,,,QLD,Wallumbilla Hub,540032,2026/08/26 12:46:13
2026/08/25,RBP,540057,PIPE,4.020,18.669,43.945,7.006,,,QLD,Regional - QLD,590001,2026/08/26 12:46:13
2026/08/25,RBP,540057,PIPE,48.652,0.000,0.000,0.000,,,QLD,Brisbane,590002,2026/08/26 12:46:13
2026/08/25,RCWP,540102,PIPE,0.000,0.000,0.000,3.668,,,QLD,Wallumbilla Hub,540032,2026/08/26 12:46:13
2026/08/25,RCWP,540102,PIPE,0.000,0.000,33.398,29.226,,,QLD,Regional - QLD,590001,2026/08/26 12:46:13
2026/08/25,Reedy Creek,540085,PROD,0.000,198.928,0.000,0.000,,,QLD,Regional - QLD,590001,2026/08/30 11:46:35
2026/08/25,RMNGPF,640011,PROD,0.000,16.930,0.000,0.000,,,QLD,Regional - QLD,590001,2026/08/26 08:49:21
2026/08/25,RNMGP,640012,PIPE,0.000,16.930,0.000,16.930,,,QLD,Regional - QLD,590001,2026/08/26 08:49:21
2026/08/25,RNP,640009,PIPE,0.000,22.592,0.000,22.592,,,QLD,Regional - QLD,590001,2026/08/26 12:01:11
2026/08/25,Rolleston,540073,PROD,0.000,9.288,0.000,0.000,,,QLD,Regional - QLD,590001,2026/08/26 19:01:05
2026/08/25,Roma,540095,PROD,0.000,234.180,0.000,0.000,,,QLD,Regional - QLD,590001,2026/08/26 11:13:20
2026/08/25,Roma North,544260,PROD,0.000,22.592,0.000,0.000,,,QLD,Regional - QLD,590001,2026/08/26 12:01:17
2026/08/25,Roma Power Station,540120,BBGPG,0.000,0.000,0.000,0.000,,,QLD,Regional - QLD,590001,2026/08/26 13:08:57
2026/08/25,Ron Goodin Power Station,580234,BBGPG,0.000,0.000,0.000,0.000,,,NT,Regional - NT,590017,2026/08/26 06:41:30
2026/08/25,RPL,540110,PIPE,0.058,0.000,0.000,0.000,,,QLD,Regional - QLD,590001,2026/08/26 13:08:57
2026/08/25,Ruby Jo,540082,PROD,0.000,424.951,0.000,0.000,,,QLD,Regional - QLD,590001,2026/09/01 17:04:39
2026/08/25,RUGS,540040,STOR,0.583,0.414,0.000,0.000,15129.194,0.000,QLD,Regional - QLD,590001,2026/08/26 11:13:20
2026/08/25,Scotia,540072,PROD,0.000,96.512,0.000,0.000,,,QLD,Regional - QLD,590001,2026/08/26 11:13:20
2026/08/25,SEPS,550061,PIPE,7.892,0.000,7.883,0.000,,,SA,Regional - SA,590013,2026/08/26 11:32:05
2026/08/25,SESA,550060,PIPE,0.000,0.000,19.998,0.000,,,VIC,Regional - VIC,590012,2026/08/26 12:46:13
2026/08/25,SESA,550060,PIPE,12.020,0.000,0.000,7.884,,,SA,Regional - SA,590013,2026/08/26 12:46:13
2026/08/25,Smithfield Energy Facility,522004,BBGPG,0.095,0.000,0.000,0.000,,,NSW,Regional - NSW,590011,2026/08/26 12:06:11
2026/08/25,Snapper Point,555090,BBGPG,0.001,0.000,0.000,0.000,,,SA,Regional - SA,590013,2026/08/26 11:31:05
2026/08/25,Somerton,533174,BBGPG,0.001,0.000,0.000,0.000,,,VIC,Melbourne,590008,2026/08/31 11:00:04
2026/08/25,Spring Gully,540066,PROD,0.000,55.069,0.000,0.000,,,QLD,Regional - QLD,590001,2026/08/30 11:46:35
2026/08/25,SSP,540103,PIPE,0.000,6.950,0.000,6.950,,,QLD,Regional - QLD,590001,2026/08/26 09:51:10
2026/08/25,SSSF,540062,STOR,0.000,6.300,0.000,0.000,8516.682,0.000,QLD,Regional - QLD,590001,2026/08/26 09:51:10
2026/08/25,Strathblane,540067,PROD,0.000,45.282,0.000,0.000,,,QLD,Regional - QLD,590001,2026/08/30 11:46:35
2026/08/25,Swanbank Power Station,544104,BBGPG,0.000,0.000,0.000,0.000,,,QLD,Brisbane,590002,2026/08/26 12:46:13
2026/08/25,SWQP,540060,PIPE,0.000,0.000,230.821,199.889,,,QLD,Wallumbilla Hub,540032,2026/08/26 12:46:13
2026/08/25,SWQP,540060,PIPE,0.000,0.000,0.000,79.872,,,QLD,Ballera,540078,2026/08/26 12:46:13
2026/08/25,SWQP,540060,PIPE,0.000,183.920,0.000,208.099,,,SA,Moomba Hub,550017,2026/08/26 12:46:13
2026/08/25,SWQP,540060,PIPE,0.118,0.000,0.000,0.000,,,QLD,Regional - QLD,590001,2026/08/26 12:46:13
2026/08/25,Talinga,540076,PROD,0.000,81.580,0.000,0.000,,,QLD,Regional - QLD,590001,2026/08/30 11:46:35
2026/08/25,Tallawarra,522002,BBGPG,0.000,0.000,0.000,0.000,,,NSW,Regional - NSW,590011,2026/08/26 11:00:23
2026/08/25,Tallawarra Pipeline,523201,PIPE,0.000,0.000,0.000,0.000,,,NSW,Regional - NSW,590011,2026/08/26 11:00:23
2026/08/25,Taloona,540068,PROD,0.000,40.399,0.000,0.000,,,QLD,Regional - QLD,590001,2026/08/30 11:46:35
2026/08/25,Tanami GP,580210,PIPE,8.479,0.000,8.740,0.000,,,NT,Regional - NT,590017,2026/08/26 12:02:00
2026/08/25,TGP,570050,PIPE,0.000,0.000,88.354,46.696,,,VIC,Longford Hub,530015,2026/08/27 12:01:00
2026/08/25,TGP,570050,PIPE,42.450,0.000,0.000,0.000,,,TAS,Regional - TAS,590014,2026/08/27 12:01:00
2026/08/25,Tipton,540051,PROD,0.000,34.476,0.000,0.000,,,QLD,Regional - QLD,590001,2026/08/26 12:30:13
2026/08/25,Torrens Island PS,555041,BBGPG,27.443,0.000,0.000,0.000,,,SA,Regional - SA,590013,2026/08/26 11:31:05
2026/08/25,Uranquinty Power Station,522047,BBGPG,10.988,0.000,0.000,0.000,,,NSW,Regional - NSW,590011,2026/08/26 12:46:13
2026/08/25,Valley Power GPG,535024,BBGPG,0.002,0.000,0.000,0.000,,,VIC,Gippsland,590009,2026/08/26 11:00:45
2026/08/25,VicHub,532005,PIPE,0.000,0.000,3.454,3.454,,,VIC,Longford Hub,530015,2026/08/26 12:01:19
2026/08/25,Viva Energy Refinery,535018,BBLARGE,7.405,0.000,0.000,0.000,,,VIC,Geelong,590005,2026/08/26 07:30:15
2026/08/25,VTS,530110,PIPE,0.000,431.887,50.162,0.001,,,VIC,Longford Hub,530015,2026/08/31 11:00:04
2026/08/25,VTS,530110,PIPE,27.633,0.000,131.525,0.000,,,VIC,Iona Hub,530016,2026/08/31 11:00:04
2026/08/25,VTS,530110,PIPE,12.279,0.000,0.000,0.000,,,VIC,Western,590004,2026/08/31 11:00:04
2026/08/25,VTS,530110,PIPE,53.963,0.000,0.000,0.000,,,VIC,Geelong,590005,2026/08/31 11:00:04
2026/08/25,VTS,530110,PIPE,36.717,0.000,0.000,0.000,,,VIC,Ballarat,590006,2026/08/31 11:00:04
2026/08/25,VTS,530110,PIPE,57.518,0.000,0.000,0.000,,,VIC,Northern,590007,2026/08/31 11:00:04
2026/08/25,VTS,530110,PIPE,327.267,0.204,0.000,0.000,,,VIC,Melbourne,590008,2026/08/31 11:00:04
2026/08/25,VTS,530110,PIPE,30.960,0.000,16.379,0.003,,,VIC,Gippsland,590009,2026/08/31 11:00:04
2026/08/25,VTS,530110,PIPE,0.000,0.000,0.000,93.382,,,NSW,Culcairn,590016,2026/08/31 11:00:04
2026/08/25,Wallumbilla Compression Station,544280,COMPRESSOR,0.000,0.000,0.000,0.000,,,QLD,Wallumbilla Hub,540032,2026/08/26 11:13:05
2026/08/25,WCFA,540045,COMPRESSOR,0.000,0.000,79.167,79.167,,,QLD,Wallumbilla Hub,540032,2026/08/26 12:46:13
2026/08/25,WCFB,540046,COMPRESSOR,0.000,0.000,141.354,141.354,,,QLD,Wallumbilla Hub,540032,2026/08/26 12:46:13
2026/08/25,Weddell Power Station,580232,BBGPG,13.119,0.000,0.000,0.000,,,NT,Darwin,580001,2026/08/26 12:46:13
2026/08/25,WGP,540091,PIPE,1504.925,0.000,0.000,0.000,,,QLD,Curtis Island,540030,2026/09/01 17:04:39
2026/08/25,WGP,540091,PIPE,0.000,1450.982,59.699,0.000,,,QLD,Regional - QLD,590001,2026/09/01 17:04:39
2026/08/25,Whyalla Steelworks,555085,BBLARGE,6.550,0.000,0.000,0.000,,,SA,Regional - SA,590013,2026/08/26 11:31:05
2026/08/25,Windibri,540069,PROD,0.000,93.899,0.000,0.000,,,QLD,Regional - QLD,590001,2026/09/01 17:04:39
2026/08/25,Woleebee Creek,540087,PROD,0.000,640.985,0.000,0.000,,,QLD,Regional - QLD,590001,2026/09/01 17:04:39
2026/08/25,WPP,580030,PIPE,13.119,25.277,0.000,12.160,,,NT,Darwin,580001,2026/08/26 12:46:13
2026/08/25,Yarwun,544282,BBGPG,49.863,0.000,0.000,0.000,,,QLD,Regional - QLD,590001,2026/08/26 19:01:05
2026/08/25,Yelcherr,580180,PROD,0.000,0.000,0.000,0.000,,,NT,Regional - NT,590017,2026/08/26 12:46:13
2026/08/25,Yellowbank,540074,PROD,0.000,11.867,0.000,0.000,,,QLD,Regional - QLD,590001,2026/08/26 19:01:05
2026/08/26,Adelaide Brighton,555091,BBLARGE,9.178,0.000,0.000,0.000,,,SA,Adelaide,550016,2026/09/01 13:00:01
2026/08/26,AGP,580010,PIPE,20.940,0.000,12.263,0.000,,,NT,Darwin,580001,2026/08/27 12:46:13
2026/08/26,AGP,580010,PIPE,6.799,31.687,0.000,19.401,,,NT,Regional - NT,590017,2026/08/27 12:46:13
2026/08/26,APLNG Pipeline,540093,PIPE,1677.176,0.000,0.000,0.000,,,QLD,Curtis Island,540030,2026/08/31 11:30:09
2026/08/26,APLNG Pipeline,540093,PIPE,0.000,1336.621,528.029,179.105,,,QLD,Regional - QLD,590001,2026/08/31 11:30:09
2026/08/26,Arcadia,540101,PROD,0.000,91.949,0.000,0.000,,,QLD,Regional - QLD,590001,2026/08/27 10:43:26
2026/08/26,ATGP,640013,PIPE,0.000,43.143,0.000,43.143,,,QLD,Regional - QLD,590001,2026/08/27 12:01:10
2026/08/26,ATHENA,535014,PROD,0.000,17.499,0.000,0.000,,,VIC,Iona Hub,530016,2026/08/31 10:21:36
2026/08/26,Atlas,544261,PROD,0.000,43.143,0.000,0.000,,,QLD,Regional - QLD,590001,2026/08/27 12:01:15
2026/08/26,Atlas East Central Processing Facility,640008,PROD,0.000,33.040,0.000,0.000,,,QLD,Regional - QLD,590001,2026/08/27 11:15:21
2026/08/26,Atlas to Reedy Creek Pipeline,640007,PIPE,0.000,33.042,0.000,33.302,,,QLD,Regional - QLD,590001,2026/08/27 12:46:13
2026/08/26,Australia Pacific LNG,544273,LNGEXPORT,1677.757,0.000,0.000,0.000,,,QLD,Curtis Island,540030,2026/08/27 12:15:25
2026/08/26,Australian Paper (Opal),535021,BBLARGE,9.321,0.000,0.000,0.000,,,VIC,Gippsland,590009,2026/08/31 11:00:04
2026/08/26,B1PL,540077,PIPE,0.035,35.485,0.000,38.071,,,QLD,Regional - QLD,590001,2026/08/27 11:00:50
2026/08/26,B2PL,540071,PIPE,0.000,53.499,8.008,60.007,,,QLD,Regional - QLD,590001,2026/08/27 10:19:20
2026/08/26,Bairnsdale Power Station,535020,BBGPG,0.000,0.000,0.000,0.000,,,VIC,Regional - VIC,590012,2026/08/27 11:00:54
2026/08/26,BCF,540047,COMPRESSOR,0.000,0.000,79.500,79.500,,,QLD,Regional - QLD,590001,2026/08/31 21:13:46
2026/08/26,Bell Bay CCGT,577016,BBGPG,26.933,0.000,0.000,0.000,,,TAS,Regional - TAS,590014,2026/08/28 12:01:00
2026/08/26,Bell Bay GGT,577014,BBGPG,0.221,0.000,0.000,0.000,,,TAS,Regional - TAS,590014,2026/08/28 12:01:00
2026/08/26,Bell Bay OCGT,577015,BBGPG,2.706,0.000,0.000,0.000,,,TAS,Regional - TAS,590014,2026/08/28 12:01:00
2026/08/26,Bellevue,540083,PROD,0.000,150.387,0.000,0.000,,,QLD,Regional - QLD,590001,2026/09/01 17:05:22
2026/08/26,BGP,580020,PIPE,0.349,0.000,0.000,0.000,,,NT,Regional - NT,590017,2026/08/27 12:46:13
2026/08/26,BlueScope,523204,BBLARGE,9.974,0.000,0.000,0.000,,,NSW,Sydney,520008,2026/08/27 12:01:05
2026/08/26,Bolivar,555008,BBGPG,1.607,0.000,0.000,0.000,,,SA,Regional - SA,590013,2026/08/27 12:06:30
2026/08/26,Bomaderry Gas Pipeline,523202,PIPE,21.888,0.000,22.294,0.000,,,NSW,Regional - NSW,590011,2026/08/28 13:27:27
2026/08/26,BPP,530030,PIPE,2.400,19.010,0.000,16.614,,,VIC,Gippsland,590009,2026/08/31 11:00:04
2026/08/26,Braemar 2 Power Station,544085,BBGPG,0.000,0.000,0.000,0.000,,,QLD,Regional - QLD,590001,2026/08/27 10:19:20
2026/08/26,Braemar Power Station,544252,BBGPG,0.035,0.000,0.000,0.000,,,QLD,Regional - QLD,590001,2026/08/27 11:00:50
2026/08/26,BWP,540096,PIPE,0.000,0.000,0.000,7.314,,,QLD,Wallumbilla Hub,540032,2026/08/27 12:46:13
2026/08/26,BWP,540096,PIPE,0.000,5.046,0.000,0.000,,,QLD,Regional - QLD,590001,2026/08/27 12:46:13
2026/08/26,CGP,540059,PIPE,0.000,0.000,79.457,0.000,,,QLD,Ballera,540078,2026/08/27 12:46:13
2026/08/26,CGP,540059,PIPE,73.622,0.000,0.000,0.000,,,QLD,Regional - QLD,590001,2026/08/27 12:46:13
2026/08/26,Channel Island Power Station,580231,BBGPG,20.940,0.000,0.000,0.000,,,NT,Darwin,580001,2026/08/27 12:46:13
2026/08/26,Colongra,523120,BBGPG,0.000,0.000,0.000,0.000,,,NSW,Regional - NSW,590011,2026/08/27 12:00:05
2026/08/26,ColongraGP,520090,PIPE,0.000,0.000,0.000,0.000,,,NSW,Sydney,520008,2026/08/27 12:00:05
2026/08/26,ColongraGP,520090,PIPE,0.000,0.000,0.000,0.000,,,NSW,Regional - NSW,590011,2026/08/27 12:00:05
2026/08/26,Combabula,540094,PROD,0.000,291.487,0.000,0.000,,,QLD,Regional - QLD,590001,2026/08/31 11:30:09
2026/08/26,Condabri Central,540080,PROD,0.000,138.386,0.000,0.000,,,QLD,Regional - QLD,590001,2026/08/31 11:30:09
2026/08/26,Condabri North,540090,PROD,0.000,162.849,0.000,0.000,,,QLD,Regional - QLD,590001,2026/08/31 11:30:09
2026/08/26,Condabri South,540086,PROD,0.000,157.416,0.000,0.000,,,QLD,Regional - QLD,590001,2026/08/31 11:30:09
2026/08/26,Condamine Power Station,544274,BBGPG,0.000,0.000,0.000,0.000,,,QLD,Regional - QLD,590001,2026/08/27 10:36:21
2026/08/26,CRWP,540098,PIPE,0.000,0.000,182.802,0.000,,,QLD,Wallumbilla Hub,540032,2026/08/27 10:43:04
2026/08/26,CRWP,540098,PIPE,0.000,234.225,39.332,414.779,,,QLD,Regional - QLD,590001,2026/08/27 10:43:04
2026/08/26,CWP,520054,PIPE,4.652,0.000,4.820,0.000,,,NSW,Regional - NSW,590011,2026/08/27 12:46:13
2026/08/26,Daandine,540050,PROD,0.000,54.528,0.000,0.000,,,QLD,Regional - QLD,590001,2026/08/27 10:19:27
2026/08/26,Dandenong LNG,530038,STOR,0.000,0.282,0.000,0.000,606.426,27.889,VIC,Melbourne,590008,2026/08/27 12:46:13
2026/08/26,DDP,540097,PIPE,0.000,0.000,0.000,219.359,,,QLD,Wallumbilla Hub,540032,2026/09/02 10:01:20
2026/08/26,DDP,540097,PIPE,0.002,565.633,144.556,494.394,,,QLD,Regional - QLD,590001,2026/09/02 10:01:20
2026/08/26,DDPS,544027,BBGPG,0.002,0.000,0.000,0.000,,,QLD,Regional - QLD,590001,2026/09/02 10:01:20
2026/08/26,Diamantina Power Station,544077,BBGPG,36.658,0.000,0.000,0.000,,,QLD,Regional - QLD,590001,2026/08/27 12:46:13
2026/08/26,Dry Creek Power Station,555026,BBGPG,0.000,0.000,0.000,0.000,,,SA,Regional - SA,590013,2026/08/27 11:31:05
2026/08/26,EGP,520047,PIPE,130.863,0.000,0.000,0.000,,,NSW,Sydney,520008,2026/08/27 12:01:05
2026/08/26,EGP,520047,PIPE,11.247,0.000,0.000,0.000,,,NSW,Canberra,520009,2026/08/27 12:01:05
2026/08/26,EGP,520047,PIPE,0.000,175.394,0.000,94.165,,,VIC,Longford Hub,530015,2026/08/27 12:01:05
2026/08/26,EGP,520047,PIPE,5.446,0.000,0.000,22.294,,,NSW,Regional - NSW,590011,2026/08/27 12:01:05
2026/08/26,EGP,520047,PIPE,0.973,68.329,0.000,0.000,,,VIC,Regional - VIC,590012,2026/08/27 12:01:05
2026/08/26,EO4PL,540055,PIPE,0.000,0.000,0.000,0.000,,,QLD,Regional - QLD,590001,2026/09/01 17:05:22
2026/08/26,Eurombah Creek,540089,PROD,0.000,145.485,0.000,0.000,,,QLD,Regional - QLD,590001,2026/08/31 11:30:09
2026/08/26,Fairview,540070,PROD,0.000,287.214,0.000,0.000,,,QLD,Regional - QLD,590001,2026/08/27 10:43:26
2026/08/26,GLNG (Curtis Island),544276,LNGEXPORT,814.229,0.000,0.000,0.000,,,QLD,Curtis Island,540030,2026/08/27 10:43:04
2026/08/26,GLNG Pipeline,540092,PIPE,814.229,0.000,0.000,0.000,,,QLD,Curtis Island,540030,2026/08/27 10:43:04
2026/08/26,GLNG Pipeline,540092,PIPE,0.000,422.775,414.860,10.252,,,QLD,Regional - QLD,590001,2026/09/01 17:05:22
2026/08/26,Hallett,555029,BBGPG,2.305,0.000,0.000,0.000,,,SA,Regional - SA,590013,2026/08/27 11:31:05
2026/08/26,Hunter Power Station,523210,BBGPG,0.000,0.000,0.000,0.000,,,NSW,Sydney,520008,2026/08/27 12:46:13
2026/08/26,ICF,530071,COMPRESSOR,0.000,0.000,5.059,5.059,,,VIC,Iona Hub,530016,2026/08/27 08:35:03
2026/08/26,Iona UGS,530042,STOR,5.059,84.634,0.000,0.000,13343.741,0.000,VIC,Iona Hub,530016,2026/08/27 08:30:04
2026/08/26,Jeerelang,533161,BBGPG,3.234,0.000,0.000,0.000,,,VIC,Gippsland,590009,2026/08/31 11:00:04
2026/08/26,Jordan,540088,PROD,0.000,333.968,0.000,0.000,,,QLD,Regional - QLD,590001,2026/09/01 17:05:22
2026/08/26,Katherine Power Station,580233,BBGPG,0.000,0.000,0.000,0.000,,,NT,Regional - NT,590017,2026/08/27 12:46:13
2026/08/26,Kenya,540075,PROD,0.000,115.524,0.000,0.000,,,QLD,Regional - QLD,590001,2026/09/01 17:05:22
2026/08/26,Kincora,544253,PROD,0.000,4.000,0.000,0.000,,,QLD,Regional - QLD,590001,2026/08/27 12:46:13
2026/08/26,KKLP,523209,PIPE,0.000,0.000,0.000,0.000,,,NSW,Sydney,520008,2026/08/27 12:46:13
2026/08/26,Kogan North,540061,PROD,0.000,4.178,0.000,0.000,,,QLD,Regional - QLD,590001,2026/08/27 12:46:13
2026/08/26,Ladbroke Grove PS,555086,BBGPG,13.007,0.000,0.000,0.000,,,SA,Regional - SA,590013,2026/08/27 12:46:13
2026/08/26,Lang Lang,530039,PROD,0.000,19.010,0.000,0.000,,,VIC,Gippsland,590009,2026/08/27 10:04:03
2026/08/26,Laverton,533201,BBGPG,0.000,0.000,0.000,0.000,,,VIC,Geelong,590005,2026/08/31 11:00:04
2026/08/26,Longford,530040,PROD,0.000,604.149,0.000,0.000,,,VIC,Longford Hub,530015,2026/08/27 08:24:35
2026/08/26,Loy Yang B,533163,BBGPG,0.000,0.000,0.000,0.000,,,VIC,Gippsland,590009,2026/08/27 11:00:47
2026/08/26,LYB Transmission Pipeline,535023,PIPE,0.086,0.000,0.000,0.000,,,VIC,Gippsland,590009,2026/08/27 11:00:47
2026/08/26,MAPS,550054,PIPE,54.511,0.000,0.000,0.000,,,SA,Adelaide,550016,2026/08/27 11:31:05
2026/08/26,MAPS,550054,PIPE,0.000,39.437,168.933,0.000,,,SA,Moomba Hub,550017,2026/08/27 11:31:05
2026/08/26,MAPS,550054,PIPE,174.952,0.000,0.006,0.000,,,SA,Regional - SA,590013,2026/08/27 11:31:05
2026/08/26,McArthur River Mine,580220,BBGPG,9.547,0.000,0.000,0.000,,,NT,Regional - NT,590017,2026/08/27 09:06:19
2026/08/26,MCF,550050,COMPRESSOR,0.000,0.000,0.000,0.000,,,SA,Moomba Hub,550017,2026/08/27 12:46:13
2026/08/26,Mereenie,580040,PROD,0.000,26.031,0.000,0.000,,,NT,Regional - NT,590017,2026/08/27 11:10:06
2026/08/26,Meridian,540064,PROD,0.000,47.862,0.000,0.000,,,QLD,Regional - QLD,590001,2026/08/27 09:39:18
2026/08/26,Mintaro Power Station,555031,BBGPG,0.000,0.000,0.000,0.000,,,SA,Regional - SA,590013,2026/08/27 11:31:05
2026/08/26,Moomba,550045,PROD,0.000,214.400,0.000,0.000,,,SA,Moomba Hub,550017,2026/08/31 21:13:46
2026/08/26,Moomba Storage,550046,STOR,0.000,0.000,0.000,0.000,6300.300,0.000,SA,Moomba Hub,550017,2026/08/31 21:13:46
2026/08/26,Mortlake PS,530063,BBGPG,57.942,0.000,0.000,0.000,,,VIC,Regional - VIC,590012,2026/08/27 07:20:00
2026/08/26,MPL,530061,PIPE,0.000,0.000,49.745,0.000,,,VIC,Iona Hub,530016,2026/08/27 07:20:00
2026/08/26,MPL,530061,PIPE,57.942,0.000,0.000,0.000,,,VIC,Regional - VIC,590012,2026/08/27 07:20:00
2026/08/26,MRP,580100,PIPE,9.547,0.000,9.548,0.000,,,NT,Regional - NT,590017,2026/08/27 09:06:19
2026/08/26,MSP,520053,PIPE,110.696,0.000,0.000,0.000,,,NSW,Sydney,520008,2026/08/27 12:46:13
2026/08/26,MSP,520053,PIPE,0.000,0.000,144.933,52.933,,,SA,Moomba Hub,550017,2026/08/27 12:46:13
2026/08/26,MSP,520053,PIPE,34.049,0.000,0.000,4.820,,,NSW,Regional - NSW,590011,2026/08/27 12:46:13
2026/08/26,MSP,520053,PIPE,10.111,0.000,0.000,0.000,,,NSW,Regional - ACT,590015,2026/08/27 12:46:13
2026/08/26,MSP,520053,PIPE,0.000,0.000,100.767,0.000,,,NSW,Culcairn,590016,2026/08/27 12:46:13
2026/08/26,Newport,533171,BBGPG,0.002,0.000,0.000,0.000,,,VIC,Melbourne,590008,2026/08/31 11:00:04
2026/08/26,NGP,580050,PIPE,0.000,0.000,0.000,0.000,,,QLD,Regional - QLD,590001,2026/08/27 12:01:12
2026/08/26,NGP,580050,PIPE,0.000,0.000,0.000,0.000,,,NT,Regional - NT,590017,2026/08/27 12:01:12
2026/08/26,NGS,520060,STOR,0.130,0.447,0.000,0.000,670.236,76.828,NSW,Sydney,520008,2026/08/27 09:00:01
2026/08/26,Oakey PS,544095,BBGPG,0.000,0.000,0.000,0.000,,,QLD,Regional - QLD,590001,2026/08/27 12:46:13
2026/08/26,Orana,540084,PROD,0.000,167.238,0.000,0.000,,,QLD,Regional - QLD,590001,2026/08/31 11:30:09
2026/08/26,Orbost,530041,PROD,0.000,68.329,0.000,0.000,,,VIC,Regional - VIC,590012,2026/08/27 12:01:05
2026/08/26,Orica,544011,BBLARGE,6.560,0.000,0.000,0.000,,,QLD,Regional - QLD,590001,2026/08/27 12:01:06
2026/08/26,Orica (Kooragang Island),523206,BBLARGE,40.047,0.000,0.000,0.000,,,NSW,Sydney,520008,2026/08/27 13:00:00
2026/08/26,Osborne,555033,BBGPG,28.574,0.000,0.000,0.000,,,SA,Regional - SA,590013,2026/08/27 11:31:05
2026/08/26,Otway,530044,PROD,0.000,169.472,0.000,0.000,,,VIC,Iona Hub,530016,2026/08/27 13:33:23
2026/08/26,Owen Springs Power Station,580235,BBGPG,0.494,0.000,0.000,0.000,,,NT,Regional - NT,590017,2026/08/27 06:41:05
2026/08/26,Palm Valley,580060,PROD,0.000,5.656,0.000,0.000,,,NT,Regional - NT,590017,2026/08/27 11:10:06
2026/08/26,PCA,550052,PIPE,0.001,15.012,66.236,0.000,,,VIC,Iona Hub,530016,2026/08/27 07:20:20
2026/08/26,PCA,550052,PIPE,13.660,0.000,0.000,0.000,,,SA,Adelaide,550016,2026/08/27 07:20:20
2026/08/26,PCA,550052,PIPE,0.000,0.000,0.000,21.292,,,VIC,Regional - VIC,590012,2026/08/27 07:20:20
2026/08/26,PCA,550052,PIPE,30.576,0.000,0.000,0.000,,,SA,Regional - SA,590013,2026/08/27 07:20:20
2026/08/26,PCI,530060,PIPE,0.000,180.997,5.000,185.997,,,VIC,Iona Hub,530016,2026/08/27 07:20:20
2026/08/26,Peat,540065,PROD,0.000,11.335,0.000,0.000,,,QLD,Regional - QLD,590001,2026/08/31 11:30:09
2026/08/26,Pelican Point Power Station,555089,BBGPG,49.789,0.000,0.000,0.000,,,SA,Regional - SA,590013,2026/08/27 07:20:20
2026/08/26,Phosphate Hill,544081,BBLARGE,23.942,0.000,0.000,0.000,,,QLD,Regional - QLD,590001,2026/08/27 12:46:13
2026/08/26,Pipeline Compression Station,544279,COMPRESSOR,0.000,0.000,0.000,0.000,,,QLD,Regional - QLD,590001,2026/08/27 10:43:04
2026/08/26,PVP,580070,PIPE,0.996,0.000,1.113,0.000,,,NT,Regional - NT,590017,2026/08/27 06:41:05
2026/08/26,QCLNG LNG Plant,544272,LNGEXPORT,1497.080,0.000,0.000,0.000,,,QLD,Curtis Island,540030,2026/09/01 17:05:22
2026/08/26,QGP,540058,PIPE,0.000,0.000,2.169,0.000,,,QLD,Wallumbilla Hub,540032,2026/08/27 12:01:06
2026/08/26,QGP,540058,PIPE,100.515,24.731,76.886,0.000,,,QLD,Regional - QLD,590001,2026/08/27 12:01:06
2026/08/26,Quarantine Power Station,555087,BBGPG,15.486,0.000,0.000,0.000,,,SA,Regional - SA,590013,2026/08/27 11:31:05
2026/08/26,Queensland Aluminia,544012,BBLARGE,25.710,0.000,0.000,0.000,,,QLD,Regional - QLD,590001,2026/08/27 12:01:06
2026/08/26,RBP,540057,PIPE,0.000,0.000,2.843,10.300,,,QLD,Wallumbilla Hub,540032,2026/08/27 12:46:13
2026/08/26,RBP,540057,PIPE,4.140,19.513,44.371,8.008,,,QLD,Regional - QLD,590001,2026/08/27 12:46:13
2026/08/26,RBP,540057,PIPE,46.420,0.000,0.000,0.000,,,QLD,Brisbane,590002,2026/08/27 12:46:13
2026/08/26,RCWP,540102,PIPE,0.000,0.000,0.000,9.632,,,QLD,Wallumbilla Hub,540032,2026/08/27 12:46:13
2026/08/26,RCWP,540102,PIPE,0.000,0.000,33.302,23.464,,,QLD,Regional - QLD,590001,2026/08/27 12:46:13
2026/08/26,Reedy Creek,540085,PROD,0.000,198.946,0.000,0.000,,,QLD,Regional - QLD,590001,2026/08/31 11:30:09
2026/08/26,RMNGPF,640011,PROD,0.000,16.700,0.000,0.000,,,QLD,Regional - QLD,590001,2026/08/27 11:15:33
2026/08/26,RNMGP,640012,PIPE,0.000,16.700,0.000,16.700,,,QLD,Regional - QLD,590001,2026/08/27 11:15:33
2026/08/26,RNP,640009,PIPE,0.000,22.632,0.000,22.632,,,QLD,Regional - QLD,590001,2026/08/27 12:01:07
2026/08/26,Rolleston,540073,PROD,0.000,8.923,0.000,0.000,,,QLD,Regional - QLD,590001,2026/08/27 12:01:06
2026/08/26,Roma,540095,PROD,0.000,234.225,0.000,0.000,,,QLD,Regional - QLD,590001,2026/08/27 10:43:34
2026/08/26,Roma North,544260,PROD,0.000,22.632,0.000,0.000,,,QLD,Regional - QLD,590001,2026/08/27 12:01:13
2026/08/26,Roma Power Station,540120,BBGPG,0.000,0.000,0.000,0.000,,,QLD,Regional - QLD,590001,2026/08/27 12:18:57
2026/08/26,Ron Goodin Power Station,580234,BBGPG,0.000,0.000,0.000,0.000,,,NT,Regional - NT,590017,2026/08/27 06:41:05
2026/08/26,RPL,540110,PIPE,0.057,0.000,0.143,0.000,,,QLD,Regional - QLD,590001,2026/08/27 12:18:57
2026/08/26,Ruby Jo,540082,PROD,0.000,426.750,0.000,0.000,,,QLD,Regional - QLD,590001,2026/09/01 17:05:22
2026/08/26,RUGS,540040,STOR,0.000,0.000,0.000,0.000,15129.582,0.000,QLD,Regional - QLD,590001,2026/08/27 10:43:34
2026/08/26,Scotia,540072,PROD,0.000,95.915,0.000,0.000,,,QLD,Regional - QLD,590001,2026/08/27 10:43:34
2026/08/26,SEPS,550061,PIPE,7.968,0.000,7.982,0.000,,,SA,Regional - SA,590013,2026/08/27 11:32:05
2026/08/26,SESA,550060,PIPE,0.000,0.000,21.291,0.000,,,VIC,Regional - VIC,590012,2026/08/27 12:46:13
2026/08/26,SESA,550060,PIPE,13.007,0.000,0.000,7.986,,,SA,Regional - SA,590013,2026/08/27 12:46:13
2026/08/26,Shoalhaven Starches Cogeneration Plant,523203,BBLARGE,21.888,0.000,0.000,0.000,,,NSW,Regional - NSW,590011,2026/08/28 13:27:27
2026/08/26,Smithfield Energy Facility,522004,BBGPG,0.046,0.000,0.000,0.000,,,NSW,Regional - NSW,590011,2026/08/27 12:06:43
2026/08/26,Snapper Point,555090,BBGPG,0.001,0.000,0.000,0.000,,,SA,Regional - SA,590013,2026/08/27 11:31:05
2026/08/26,Somerton,533174,BBGPG,0.001,0.000,0.000,0.000,,,VIC,Melbourne,590008,2026/08/31 11:00:04
2026/08/26,Spring Gully,540066,PROD,0.000,54.816,0.000,0.000,,,QLD,Regional - QLD,590001,2026/08/31 11:30:09
2026/08/26,SSP,540103,PIPE,0.000,6.590,0.000,6.590,,,QLD,Regional - QLD,590001,2026/08/27 09:51:15
2026/08/26,SSSF,540062,STOR,0.000,6.300,0.000,0.000,8510.092,0.000,QLD,Regional - QLD,590001,2026/08/27 09:51:15
2026/08/26,Strathblane,540067,PROD,0.000,47.199,0.000,0.000,,,QLD,Regional - QLD,590001,2026/08/31 11:30:09
2026/08/26,Swanbank Power Station,544104,BBGPG,0.000,0.000,0.000,0.000,,,QLD,Brisbane,590002,2026/08/27 12:46:13
2026/08/26,SWQP,540060,PIPE,0.000,0.000,245.458,186.667,,,QLD,Wallumbilla Hub,540032,2026/08/27 12:46:13
2026/08/26,SWQP,540060,PIPE,0.000,0.000,0.000,84.497,,,QLD,Ballera,540078,2026/08/27 12:46:13
2026/08/26,SWQP,540060,PIPE,0.000,174.935,0.000,260.933,,,SA,Moomba Hub,550017,2026/08/27 12:46:13
2026/08/26,SWQP,540060,PIPE,0.128,0.000,0.000,0.143,,,QLD,Regional - QLD,590001,2026/08/27 12:46:13
2026/08/26,Talinga,540076,PROD,0.000,76.940,0.000,0.000,,,QLD,Regional - QLD,590001,2026/08/31 11:30:09
2026/08/26,Tallawarra,522002,BBGPG,0.000,0.000,0.000,0.000,,,NSW,Regional - NSW,590011,2026/08/27 11:00:04
2026/08/26,Tallawarra Pipeline,523201,PIPE,0.000,0.000,0.000,0.000,,,NSW,Regional - NSW,590011,2026/08/27 11:00:04
2026/08/26,Taloona,540068,PROD,0.000,40.240,0.000,0.000,,,QLD,Regional - QLD,590001,2026/08/31 11:30:09
2026/08/26,Tanami GP,580210,PIPE,8.619,0.000,8.740,0.000,,,NT,Regional - NT,590017,2026/08/27 12:02:00
2026/08/26,TGP,570050,PIPE,0.000,0.000,83.758,45.799,,,VIC,Longford Hub,530015,2026/08/28 12:01:00
2026/08/26,TGP,570050,PIPE,45.759,0.000,0.000,0.000,,,TAS,Regional - TAS,590014,2026/08/28 12:01:00
2026/08/26,Tipton,540051,PROD,0.000,34.455,0.000,0.000,,,QLD,Regional - QLD,590001,2026/08/27 10:19:22
2026/08/26,Torrens Island PS,555041,BBGPG,81.213,0.000,0.000,0.000,,,SA,Regional - SA,590013,2026/08/27 11:31:05
2026/08/26,Uranquinty Power Station,522047,BBGPG,0.000,0.000,0.000,0.000,,,NSW,Regional - NSW,590011,2026/08/27 12:46:13
2026/08/26,Valley Power GPG,535024,BBGPG,0.086,0.000,0.000,0.000,,,VIC,Gippsland,590009,2026/08/27 11:00:47
2026/08/26,VicHub,532005,PIPE,0.000,0.000,10.409,10.409,,,VIC,Longford Hub,530015,2026/08/27 12:01:16
2026/08/26,Viva Energy Refinery,535018,BBLARGE,7.163,0.000,0.000,0.000,,,VIC,Geelong,590005,2026/08/27 07:30:16
2026/08/26,VTS,530110,PIPE,0.000,427.315,56.224,0.002,,,VIC,Longford Hub,530015,2026/08/31 11:00:04
2026/08/26,VTS,530110,PIPE,0.029,71.935,65.017,0.000,,,VIC,Iona Hub,530016,2026/08/31 11:00:04
2026/08/26,VTS,530110,PIPE,13.485,0.000,0.000,0.000,,,VIC,Western,590004,2026/08/31 11:00:04
2026/08/26,VTS,530110,PIPE,57.692,0.000,0.000,0.000,,,VIC,Geelong,590005,2026/08/31 11:00:04
2026/08/26,VTS,530110,PIPE,39.419,0.000,0.000,0.000,,,VIC,Ballarat,590006,2026/08/31 11:00:04
2026/08/26,VTS,530110,PIPE,61.687,0.000,0.000,0.000,,,VIC,Northern,590007,2026/08/31 11:00:04
2026/08/26,VTS,530110,PIPE,343.275,0.195,0.000,0.000,,,VIC,Melbourne,590008,2026/08/31 11:00:04
2026/08/26,VTS,530110,PIPE,41.005,0.000,16.614,0.000,,,VIC,Gippsland,590009,2026/08/31 11:00:04
2026/08/26,VTS,530110,PIPE,0.000,0.000,0.000,100.767,,,NSW,Culcairn,590016,2026/08/31 11:00:04
2026/08/26,Wallumbilla Compression Station,544280,COMPRESSOR,0.000,0.000,0.000,0.000,,,QLD,Wallumbilla Hub,540032,2026/08/27 10:43:04
2026/08/26,WCFA,540045,COMPRESSOR,0.000,0.000,93.418,93.418,,,QLD,Wallumbilla Hub,540032,2026/08/27 12:46:13
2026/08/26,WCFB,540046,COMPRESSOR,0.000,0.000,141.740,141.740,,,QLD,Wallumbilla Hub,540032,2026/08/27 12:46:13
2026/08/26,Weddell Power Station,580232,BBGPG,12.957,0.000,0.000,0.000,,,NT,Darwin,580001,2026/08/27 12:46:13
2026/08/26,WGP,540091,PIPE,1497.080,0.000,0.000,0.000,,,QLD,Curtis Island,540030,2026/09/01 17:05:22
2026/08/26,WGP,540091,PIPE,0.000,1431.010,60.007,0.000,,,QLD,Regional - QLD,590001,2026/09/01 17:05:22
2026/08/26,Whyalla Steelworks,555085,BBLARGE,6.341,0.000,0.000,0.000,,,SA,Regional - SA,590013,2026/08/27 11:31:05
2026/08/26,Windibri,540069,PROD,0.000,95.714,0.000,0.000,,,QLD,Regional - QLD,590001,2026/09/01 17:05:22
2026/08/26,Woleebee Creek,540087,PROD,0.000,641.756,0.000,0.000,,,QLD,Regional - QLD,590001,2026/09/01 17:05:22
2026/08/26,WPP,580030,PIPE,12.957,25.228,0.000,12.263,,,NT,Darwin,580001,2026/08/27 12:46:13
2026/08/26,Yarwun,544282,BBGPG,50.660,0.000,0.000,0.000,,,QLD,Regional - QLD,590001,2026/08/27 12:01:06
2026/08/26,Yelcherr,580180,PROD,0.000,0.000,0.000,0.000,,,NT,Regional - NT,590017,2026/08/27 12:46:13
2026/08/26,Yellowbank,540074,PROD,0.000,11.558,0.000,0.000,,,QLD,Regional - QLD,590001,2026/08/27 12:01:06
2026/08/27,Adelaide Brighton,555091,BBLARGE,8.708,0.000,0.000,0.000,,,SA,Adelaide,550016,2026/09/01 13:00:01
2026/08/27,AGP,580010,PIPE,20.587,0.000,12.118,0.000,,,NT,Darwin,580001,2026/08/28 12:46:48
2026/08/27,AGP,580010,PIPE,6.896,31.618,0.000,19.744,,,NT,Regional - NT,590017,2026/08/28 12:46:48
2026/08/27,APLNG Pipeline,540093,PIPE,1666.809,0.000,0.000,0.000,,,QLD,Curtis Island,540030,2026/09/01 11:30:11
2026/08/27,APLNG Pipeline,540093,PIPE,0.000,1339.418,520.276,172.852,,,QLD,Regional - QLD,590001,2026/09/01 11:30:11
2026/08/27,Arcadia,540101,PROD,0.000,92.221,0.000,0.000,,,QLD,Regional - QLD,590001,2026/08/28 10:28:21
2026/08/27,ATGP,640013,PIPE,0.000,43.366,0.000,43.366,,,QLD,Regional - QLD,590001,2026/08/28 12:01:15
2026/08/27,ATHENA,535014,PROD,0.000,16.505,0.000,0.000,,,VIC,Iona Hub,530016,2026/09/01 10:28:17
2026/08/27,Atlas,544261,PROD,0.000,43.366,0.000,0.000,,,QLD,Regional - QLD,590001,2026/08/28 12:01:19
2026/08/27,Atlas East Central Processing Facility,640008,PROD,0.000,32.930,0.000,0.000,,,QLD,Regional - QLD,590001,2026/08/28 08:29:10
2026/08/27,Atlas to Reedy Creek Pipeline,640007,PIPE,0.000,32.935,0.000,32.391,,,QLD,Regional - QLD,590001,2026/08/28 12:46:48
2026/08/27,Australia Pacific LNG,544273,LNGEXPORT,1666.809,0.000,0.000,0.000,,,QLD,Curtis Island,540030,2026/08/28 12:00:25
2026/08/27,Australian Paper (Opal),535021,BBLARGE,10.851,0.000,0.000,0.000,,,VIC,Gippsland,590009,2026/09/01 11:00:02
2026/08/27,B1PL,540077,PIPE,0.035,34.491,0.000,35.179,,,QLD,Regional - QLD,590001,2026/08/28 11:00:55
2026/08/27,B2PL,540071,PIPE,0.000,54.501,7.018,60.698,,,QLD,Regional - QLD,590001,2026/08/28 12:30:15
2026/08/27,Bairnsdale Power Station,535020,BBGPG,0.000,0.000,0.000,0.000,,,VIC,Regional - VIC,590012,2026/08/28 11:00:54
2026/08/27,BCF,540047,COMPRESSOR,0.000,0.000,73.600,73.600,,,QLD,Regional - QLD,590001,2026/09/01 20:59:47
2026/08/27,Bell Bay CCGT,577016,BBGPG,26.979,0.000,0.000,0.000,,,TAS,Regional - TAS,590014,2026/08/29 12:01:00
2026/08/27,Bell Bay GGT,577014,BBGPG,0.364,0.000,0.000,0.000,,,TAS,Regional - TAS,590014,2026/08/29 12:01:00
2026/08/27,Bell Bay OCGT,577015,BBGPG,0.744,0.000,0.000,0.000,,,TAS,Regional - TAS,590014,2026/08/29 12:01:00
2026/08/27,Bellevue,540083,PROD,0.000,139.603,0.000,0.000,,,QLD,Regional - QLD,590001,2026/08/28 10:35:25
2026/08/27,BGP,580020,PIPE,0.341,0.000,0.000,0.000,,,NT,Regional - NT,590017,2026/08/28 12:46:48
2026/08/27,BlueScope,523204,BBLARGE,10.025,0.000,0.000,0.000,,,NSW,Sydney,520008,2026/08/28 12:01:05
2026/08/27,Bolivar,555008,BBGPG,0.872,0.000,0.000,0.000,,,SA,Regional - SA,590013,2026/08/28 12:05:37
2026/08/27,Bomaderry Gas Pipeline,523202,PIPE,21.960,0.000,21.888,0.000,,,NSW,Regional - NSW,590011,2026/08/29 13:34:39
2026/08/27,BPP,530030,PIPE,2.720,19.060,0.000,16.331,,,VIC,Gippsland,590009,2026/09/01 11:00:02
2026/08/27,Braemar 2 Power Station,544085,BBGPG,0.000,0.000,0.000,0.000,,,QLD,Regional - QLD,590001,2026/08/28 12:30:15
2026/08/27,Braemar Power Station,544252,BBGPG,0.035,0.000,0.000,0.000,,,QLD,Regional - QLD,590001,2026/08/28 11:00:55
2026/08/27,BWP,540096,PIPE,0.000,0.000,0.000,11.608,,,QLD,Wallumbilla Hub,540032,2026/08/28 12:46:48
2026/08/27,BWP,540096,PIPE,0.000,11.850,0.000,0.000,,,QLD,Regional - QLD,590001,2026/08/28 12:46:48
2026/08/27,CGP,540059,PIPE,0.000,0.000,73.628,0.000,,,QLD,Ballera,540078,2026/08/28 12:46:48
2026/08/27,CGP,540059,PIPE,71.278,0.000,0.000,0.000,,,QLD,Regional - QLD,590001,2026/08/28 12:46:48
2026/08/27,Channel Island Power Station,580231,BBGPG,20.587,0.000,0.000,0.000,,,NT,Darwin,580001,2026/08/28 12:46:48
2026/08/27,Colongra,523120,BBGPG,0.001,0.000,0.000,0.000,,,NSW,Regional - NSW,590011,2026/08/28 12:00:05
2026/08/27,ColongraGP,520090,PIPE,-0.069,0.000,0.000,0.000,,,NSW,Sydney,520008,2026/08/28 12:00:05
2026/08/27,ColongraGP,520090,PIPE,0.001,0.000,0.000,0.000,,,NSW,Regional - NSW,590011,2026/08/28 12:00:05
2026/08/27,Combabula,540094,PROD,0.000,291.599,0.000,0.000,,,QLD,Regional - QLD,590001,2026/09/01 11:30:11
2026/08/27,Condabri Central,540080,PROD,0.000,138.316,0.000,0.000,,,QLD,Regional - QLD,590001,2026/09/01 11:30:11
2026/08/27,Condabri North,540090,PROD,0.000,162.708,0.000,0.000,,,QLD,Regional - QLD,590001,2026/09/01 11:30:11
2026/08/27,Condabri South,540086,PROD,0.000,157.404,0.000,0.000,,,QLD,Regional - QLD,590001,2026/09/01 11:30:11
2026/08/27,Condamine Power Station,544274,BBGPG,0.000,0.000,0.000,0.000,,,QLD,Regional - QLD,590001,2026/08/28 10:35:31
2026/08/27,CRWP,540098,PIPE,0.000,0.000,168.699,0.000,,,QLD,Wallumbilla Hub,540032,2026/08/28 10:28:07
2026/08/27,CRWP,540098,PIPE,0.000,234.180,39.005,454.213,,,QLD,Regional - QLD,590001,2026/08/28 10:28:07
2026/08/27,CWP,520054,PIPE,5.518,0.000,5.910,0.000,,,NSW,Regional - NSW,590011,2026/08/28 12:46:48
2026/08/27,Daandine,540050,PROD,0.000,54.501,0.000,0.000,,,QLD,Regional - QLD,590001,2026/08/28 12:30:15
2026/08/27,Dandenong LNG,530038,STOR,0.000,0.288,0.000,0.000,606.136,27.889,VIC,Melbourne,590008,2026/08/28 12:46:48
2026/08/27,DDP,540097,PIPE,0.000,0.000,0.000,214.061,,,QLD,Wallumbilla Hub,540032,2026/08/28 12:01:13
2026/08/27,DDP,540097,PIPE,0.002,560.933,145.729,494.982,,,QLD,Regional - QLD,590001,2026/08/28 12:01:13
2026/08/27,DDPS,544027,BBGPG,0.002,0.000,0.000,0.000,,,QLD,Regional - QLD,590001,2026/08/28 12:01:13
2026/08/27,Diamantina Power Station,544077,BBGPG,36.301,0.000,0.000,0.000,,,QLD,Regional - QLD,590001,2026/08/28 12:46:48
2026/08/27,Dry Creek Power Station,555026,BBGPG,0.000,0.000,0.000,0.000,,,SA,Regional - SA,590013,2026/08/28 11:31:05
2026/08/27,EGP,520047,PIPE,138.929,0.000,0.000,0.000,,,NSW,Sydney,520008,2026/08/28 12:01:05
2026/08/27,EGP,520047,PIPE,12.319,0.000,0.000,0.000,,,NSW,Canberra,520009,2026/08/28 12:01:05
2026/08/27,EGP,520047,PIPE,0.000,209.410,0.000,107.737,,,VIC,Longford Hub,530015,2026/08/28 12:01:05
2026/08/27,EGP,520047,PIPE,15.250,0.000,0.000,21.888,,,NSW,Regional - NSW,590011,2026/08/28 12:01:05
2026/08/27,EGP,520047,PIPE,1.009,69.081,0.000,0.000,,,VIC,Regional - VIC,590012,2026/08/28 12:01:05
2026/08/27,EO4PL,540055,PIPE,0.000,0.000,0.000,0.000,,,QLD,Regional - QLD,590001,2026/08/28 10:35:25
2026/08/27,Eurombah Creek,540089,PROD,0.000,145.434,0.000,0.000,,,QLD,Regional - QLD,590001,2026/09/01 11:30:11
2026/08/27,Fairview,540070,PROD,0.000,287.697,0.000,0.000,,,QLD,Regional - QLD,590001,2026/08/28 10:28:21
2026/08/27,GLNG (Curtis Island),544276,LNGEXPORT,869.637,0.000,0.000,0.000,,,QLD,Curtis Island,540030,2026/08/28 10:28:07
2026/08/27,GLNG Pipeline,540092,PIPE,869.637,0.000,0.000,0.000,,,QLD,Curtis Island,540030,2026/08/28 10:28:07
2026/08/27,GLNG Pipeline,540092,PIPE,0.000,423.272,454.464,8.242,,,QLD,Regional - QLD,590001,2026/08/28 10:35:25
2026/08/27,Hallett,555029,BBGPG,0.000,0.000,0.000,0.000,,,SA,Regional - SA,590013,2026/08/28 11:31:05
2026/08/27,Hunter Power Station,523210,BBGPG,0.000,0.000,0.000,0.000,,,NSW,Sydney,520008,2026/08/28 12:46:48
2026/08/27,ICF,530071,COMPRESSOR,0.000,0.000,2.056,2.056,,,VIC,Iona Hub,530016,2026/08/28 08:35:03
2026/08/27,Iona UGS,530042,STOR,2.056,163.103,0.000,0.000,13182.694,0.000,VIC,Iona Hub,530016,2026/08/28 08:30:03
2026/08/27,Jeerelang,533161,BBGPG,1.955,0.000,0.000,0.000,,,VIC,Gippsland,590009,2026/09/01 11:00:02
2026/08/27,Jordan,540088,PROD,0.000,332.992,0.000,0.000,,,QLD,Regional - QLD,590001,2026/08/28 10:35:25
2026/08/27,Katherine Power Station,580233,BBGPG,0.000,0.000,0.000,0.000,,,NT,Regional - NT,590017,2026/08/28 12:46:48
2026/08/27,Kenya,540075,PROD,0.000,121.127,0.000,0.000,,,QLD,Regional - QLD,590001,2026/08/28 10:35:25
2026/08/27,Kincora,544253,PROD,0.000,4.000,0.000,0.000,,,QLD,Regional - QLD,590001,2026/08/28 12:46:48
2026/08/27,KKLP,523209,PIPE,0.000,0.000,0.000,0.000,,,NSW,Sydney,520008,2026/08/28 12:46:48
2026/08/27,Kogan North,540061,PROD,0.000,4.225,0.000,0.000,,,QLD,Regional - QLD,590001,2026/08/28 12:46:48
2026/08/27,Ladbroke Grove PS,555086,BBGPG,10.100,0.000,0.000,0.000,,,SA,Regional - SA,590013,2026/08/28 12:46:48
2026/08/27,Lang Lang,530039,PROD,0.000,19.060,0.000,0.000,,,VIC,Gippsland,590009,2026/08/28 10:31:31
2026/08/27,Laverton,533201,BBGPG,0.001,0.000,0.000,0.000,,,VIC,Geelong,590005,2026/09/01 11:00:02
2026/08/27,Longford,530040,PROD,0.000,632.643,0.000,0.000,,,VIC,Longford Hub,530015,2026/08/28 08:33:00
2026/08/27,Loy Yang B,533163,BBGPG,0.000,0.000,0.000,0.000,,,VIC,Gippsland,590009,2026/08/28 11:00:53
2026/08/27,LYB Transmission Pipeline,535023,PIPE,0.406,0.000,0.001,0.000,,,VIC,Gippsland,590009,2026/08/28 11:00:53
2026/08/27,MAPS,550054,PIPE,37.540,0.000,0.000,0.000,,,SA,Adelaide,550016,2026/08/28 11:31:05
2026/08/27,MAPS,550054,PIPE,0.000,36.673,153.196,0.000,,,SA,Moomba Hub,550017,2026/08/28 11:31:05
2026/08/27,MAPS,550054,PIPE,163.220,0.000,0.000,0.000,,,SA,Regional - SA,590013,2026/08/28 11:31:05
2026/08/27,McArthur River Mine,580220,BBGPG,9.848,0.000,0.000,0.000,,,NT,Regional - NT,590017,2026/08/28 09:06:19
2026/08/27,MCF,550050,COMPRESSOR,0.000,0.000,0.000,0.000,,,SA,Moomba Hub,550017,2026/08/28 12:46:48
2026/08/27,Mereenie,580040,PROD,0.000,25.968,0.000,0.000,,,NT,Regional - NT,590017,2026/08/28 10:55:38
2026/08/27,Meridian,540064,PROD,0.000,47.604,0.000,0.000,,,QLD,Regional - QLD,590001,2026/08/28 09:39:37
2026/08/27,Mintaro Power Station,555031,BBGPG,0.000,0.000,0.000,0.000,,,SA,Regional - SA,590013,2026/08/28 11:31:05
2026/08/27,Moomba,550045,PROD,0.000,215.400,0.000,0.000,,,SA,Moomba Hub,550017,2026/09/01 20:59:47
2026/08/27,Moomba Storage,550046,STOR,0.000,0.000,0.000,0.000,6300.300,0.000,SA,Moomba Hub,550017,2026/09/01 20:59:47
2026/08/27,Mortlake PS,530063,BBGPG,61.283,0.000,0.000,0.000,,,VIC,Regional - VIC,590012,2026/08/28 07:20:00
2026/08/27,MPL,530061,PIPE,0.000,0.000,57.826,0.000,,,VIC,Iona Hub,530016,2026/08/28 07:20:00
2026/08/27,MPL,530061,PIPE,61.283,0.000,0.000,0.000,,,VIC,Regional - VIC,590012,2026/08/28 07:20:00
2026/08/27,MRP,580100,PIPE,9.848,0.000,9.849,0.000,,,NT,Regional - NT,590017,2026/08/28 09:06:19
2026/08/27,MSP,520053,PIPE,107.038,0.000,0.000,0.000,,,NSW,Sydney,520008,2026/08/28 12:46:48
2026/08/27,MSP,520053,PIPE,0.000,0.000,79.392,11.271,,,SA,Moomba Hub,550017,2026/08/28 12:46:48
2026/08/27,MSP,520053,PIPE,35.224,0.000,0.000,5.910,,,NSW,Regional - NSW,590011,2026/08/28 12:46:48
2026/08/27,MSP,520053,PIPE,10.586,0.000,0.000,0.000,,,NSW,Regional - ACT,590015,2026/08/28 12:46:48
2026/08/27,MSP,520053,PIPE,0.000,0.000,128.460,0.000,,,NSW,Culcairn,590016,2026/08/28 12:46:48
2026/08/27,Newport,533171,BBGPG,0.007,0.000,0.000,0.000,,,VIC,Melbourne,590008,2026/09/01 11:00:02
2026/08/27,NGP,580050,PIPE,0.000,0.000,0.000,0.000,,,QLD,Regional - QLD,590001,2026/08/28 12:01:17
2026/08/27,NGP,580050,PIPE,0.000,0.000,0.000,0.000,,,NT,Regional - NT,590017,2026/08/28 12:01:17
2026/08/27,NGS,520060,STOR,0.160,0.439,0.000,0.000,668.758,76.828,NSW,Sydney,520008,2026/08/28 08:40:11
2026/08/27,Oakey PS,544095,BBGPG,1.287,0.000,0.000,0.000,,,QLD,Regional - QLD,590001,2026/08/28 12:46:48
2026/08/27,Orana,540084,PROD,0.000,167.145,0.000,0.000,,,QLD,Regional - QLD,590001,2026/09/01 11:30:11
2026/08/27,Orbost,530041,PROD,0.000,69.081,0.000,0.000,,,VIC,Regional - VIC,590012,2026/08/28 12:01:05
2026/08/27,Orica,544011,BBLARGE,9.578,0.000,0.000,0.000,,,QLD,Regional - QLD,590001,2026/08/28 12:01:09
2026/08/27,Orica (Kooragang Island),523206,BBLARGE,39.139,0.000,0.000,0.000,,,NSW,Sydney,520008,2026/08/28 13:00:00
2026/08/27,Osborne,555033,BBGPG,26.234,0.000,0.000,0.000,,,SA,Regional - SA,590013,2026/08/28 11:31:05
2026/08/27,Otway,530044,PROD,0.000,171.405,0.000,0.000,,,VIC,Iona Hub,530016,2026/08/28 12:39:36
2026/08/27,Owen Springs Power Station,580235,BBGPG,0.567,0.000,0.000,0.000,,,NT,Regional - NT,590017,2026/08/28 06:41:39
2026/08/27,Palm Valley,580060,PROD,0.000,5.650,0.000,0.000,,,NT,Regional - NT,590017,2026/08/28 10:55:38
2026/08/27,PCA,550052,PIPE,0.000,19.587,44.476,0.000,,,VIC,Iona Hub,530016,2026/08/28 07:20:01
2026/08/27,PCA,550052,PIPE,23.900,0.000,0.000,0.000,,,SA,Adelaide,550016,2026/08/28 07:20:01
2026/08/27,PCA,550052,PIPE,0.000,0.000,0.000,18.403,,,VIC,Regional - VIC,590012,2026/08/28 07:20:01
2026/08/27,PCA,550052,PIPE,27.040,0.000,0.000,0.000,,,SA,Regional - SA,590013,2026/08/28 07:20:01
2026/08/27,PCI,530060,PIPE,0.000,182.319,0.000,182.319,,,VIC,Iona Hub,530016,2026/08/28 07:20:01
2026/08/27,Peat,540065,PROD,0.000,11.895,0.000,0.000,,,QLD,Regional - QLD,590001,2026/09/01 11:30:11
2026/08/27,Pelican Point Power Station,555089,BBGPG,41.435,0.000,0.000,0.000,,,SA,Regional - SA,590013,2026/08/28 07:20:01
2026/08/27,Phosphate Hill,544081,BBLARGE,23.799,0.000,0.000,0.000,,,QLD,Regional - QLD,590001,2026/08/28 12:46:48
2026/08/27,Pipeline Compression Station,544279,COMPRESSOR,0.000,0.000,0.000,0.000,,,QLD,Regional - QLD,590001,2026/08/28 10:28:07
2026/08/27,PVP,580070,PIPE,1.082,0.000,1.155,0.000,,,NT,Regional - NT,590017,2026/08/28 06:41:39
2026/08/27,QCLNG LNG Plant,544272,LNGEXPORT,1516.273,0.000,0.000,0.000,,,QLD,Curtis Island,540030,2026/08/28 10:35:25
2026/08/27,QGP,540058,PIPE,0.000,0.000,0.007,0.000,,,QLD,Wallumbilla Hub,540032,2026/08/28 12:01:09
2026/08/27,QGP,540058,PIPE,90.061,25.358,69.945,2.210,,,QLD,Regional - QLD,590001,2026/08/28 12:01:09
2026/08/27,Quarantine Power Station,555087,BBGPG,16.447,0.000,0.000,0.000,,,SA,Regional - SA,590013,2026/08/28 11:31:05
2026/08/27,Queensland Aluminia,544012,BBLARGE,22.519,0.000,0.000,0.000,,,QLD,Regional - QLD,590001,2026/08/28 12:01:09
2026/08/27,RBP,540057,PIPE,0.000,0.000,34.997,10.300,,,QLD,Wallumbilla Hub,540032,2026/08/28 12:46:48
2026/08/27,RBP,540057,PIPE,5.384,21.826,41.479,7.018,,,QLD,Regional - QLD,590001,2026/08/28 12:46:48
2026/08/27,RBP,540057,PIPE,77.387,0.000,0.000,0.000,,,QLD,Brisbane,590002,2026/08/28 12:46:48
2026/08/27,RCWP,540102,PIPE,0.000,0.000,0.000,13.367,,,QLD,Wallumbilla Hub,540032,2026/08/28 12:46:48
2026/08/27,RCWP,540102,PIPE,0.000,0.000,32.391,17.303,,,QLD,Regional - QLD,590001,2026/08/28 12:46:48
2026/08/27,Reedy Creek,540085,PROD,0.000,198.781,0.000,0.000,,,QLD,Regional - QLD,590001,2026/09/01 11:30:11
2026/08/27,RMNGPF,640011,PROD,0.000,17.110,0.000,0.000,,,QLD,Regional - QLD,590001,2026/08/28 08:29:19
2026/08/27,RNMGP,640012,PIPE,0.000,17.110,0.000,17.110,,,QLD,Regional - QLD,590001,2026/08/28 08:29:19
2026/08/27,RNP,640009,PIPE,0.000,21.895,0.000,21.895,,,QLD,Regional - QLD,590001,2026/08/28 12:01:11
2026/08/27,Rolleston,540073,PROD,0.000,9.092,0.000,0.000,,,QLD,Regional - QLD,590001,2026/08/28 12:01:09
2026/08/27,Roma,540095,PROD,0.000,234.180,0.000,0.000,,,QLD,Regional - QLD,590001,2026/08/28 10:28:26
2026/08/27,Roma North,544260,PROD,0.000,21.895,0.000,0.000,,,QLD,Regional - QLD,590001,2026/08/28 12:01:18
2026/08/27,Roma Power Station,540120,BBGPG,0.000,0.000,0.000,0.000,,,QLD,Regional - QLD,590001,2026/08/28 12:26:57
2026/08/27,Ron Goodin Power Station,580234,BBGPG,0.000,0.000,0.000,0.000,,,NT,Regional - NT,590017,2026/08/28 06:41:39
2026/08/27,RPL,540110,PIPE,0.057,0.000,0.000,0.000,,,QLD,Regional - QLD,590001,2026/08/28 12:26:57
2026/08/27,Ruby Jo,540082,PROD,0.000,426.423,0.000,0.000,,,QLD,Regional - QLD,590001,2026/08/28 10:35:25
2026/08/27,RUGS,540040,STOR,0.000,0.000,0.000,0.000,15129.556,0.000,QLD,Regional - QLD,590001,2026/08/28 10:28:26
2026/08/27,Scotia,540072,PROD,0.000,95.545,0.000,0.000,,,QLD,Regional - QLD,590001,2026/08/28 10:28:26
2026/08/27,SEPS,550061,PIPE,7.927,0.000,7.925,0.000,,,SA,Regional - SA,590013,2026/08/28 11:32:05
2026/08/27,SESA,550060,PIPE,0.000,0.000,18.403,0.000,,,VIC,Regional - VIC,590012,2026/08/28 12:46:48
2026/08/27,SESA,550060,PIPE,10.100,0.000,0.000,7.920,,,SA,Regional - SA,590013,2026/08/28 12:46:48
2026/08/27,Shoalhaven Starches Cogeneration Plant,523203,BBLARGE,21.960,0.000,0.000,0.000,,,NSW,Regional - NSW,590011,2026/08/29 13:34:39
2026/08/27,Smithfield Energy Facility,522004,BBGPG,1.630,0.000,0.000,0.000,,,NSW,Regional - NSW,590011,2026/08/28 12:05:44
2026/08/27,Snapper Point,555090,BBGPG,0.000,0.000,0.000,0.000,,,SA,Regional - SA,590013,2026/08/28 11:31:05
2026/08/27,Somerton,533174,BBGPG,21.121,0.000,0.000,0.000,,,VIC,Melbourne,590008,2026/09/01 11:00:02
2026/08/27,Spring Gully,540066,PROD,0.000,55.151,0.000,0.000,,,QLD,Regional - QLD,590001,2026/09/01 11:30:11
2026/08/27,SSP,540103,PIPE,0.000,6.300,0.000,6.300,,,QLD,Regional - QLD,590001,2026/08/28 09:12:04
2026/08/27,SSSF,540062,STOR,0.000,6.500,0.000,0.000,8503.592,0.000,QLD,Regional - QLD,590001,2026/08/28 09:12:04
2026/08/27,Strathblane,540067,PROD,0.000,47.323,0.000,0.000,,,QLD,Regional - QLD,590001,2026/09/01 11:30:11
2026/08/27,Swanbank Power Station,544104,BBGPG,30.758,0.000,0.000,0.000,,,QLD,Brisbane,590002,2026/08/28 12:46:48
2026/08/27,SWQP,540060,PIPE,0.000,0.000,251.545,203.703,,,QLD,Wallumbilla Hub,540032,2026/08/28 12:46:48
2026/08/27,SWQP,540060,PIPE,0.000,0.000,0.000,78.592,,,QLD,Ballera,540078,2026/08/28 12:46:48
2026/08/27,SWQP,540060,PIPE,0.000,178.760,0.000,221.317,,,SA,Moomba Hub,550017,2026/08/28 12:46:48
2026/08/27,SWQP,540060,PIPE,0.319,0.000,0.000,0.000,,,QLD,Regional - QLD,590001,2026/08/28 12:46:48
2026/08/27,Talinga,540076,PROD,0.000,77.016,0.000,0.000,,,QLD,Regional - QLD,590001,2026/09/01 11:30:11
2026/08/27,Tallawarra,522002,BBGPG,7.928,0.000,0.000,0.000,,,NSW,Regional - NSW,590011,2026/08/28 11:00:10
2026/08/27,Tallawarra Pipeline,523201,PIPE,7.928,0.000,7.928,0.000,,,NSW,Regional - NSW,590011,2026/08/28 11:00:10
2026/08/27,Taloona,540068,PROD,0.000,40.211,0.000,0.000,,,QLD,Regional - QLD,590001,2026/09/01 11:30:11
2026/08/27,Tanami GP,580210,PIPE,8.491,0.000,8.740,0.000,,,NT,Regional - NT,590017,2026/08/28 12:02:00
2026/08/27,TGP,570050,PIPE,0.000,0.000,83.875,36.989,,,VIC,Longford Hub,530015,2026/08/29 12:01:00
2026/08/27,TGP,570050,PIPE,43.600,0.000,0.000,0.000,,,TAS,Regional - TAS,590014,2026/08/29 12:01:00
2026/08/27,Tipton,540051,PROD,0.000,34.491,0.000,0.000,,,QLD,Regional - QLD,590001,2026/08/28 12:30:15
2026/08/27,Torrens Island PS,555041,BBGPG,80.588,0.000,0.000,0.000,,,SA,Regional - SA,590013,2026/08/28 11:31:05
2026/08/27,Uranquinty Power Station,522047,BBGPG,0.000,0.000,0.000,0.000,,,NSW,Regional - NSW,590011,2026/08/28 12:46:48
2026/08/27,Valley Power GPG,535024,BBGPG,0.406,0.000,0.000,0.000,,,VIC,Gippsland,590009,2026/08/28 11:00:53
2026/08/27,VicHub,532005,PIPE,0.000,0.000,23.865,23.865,,,VIC,Longford Hub,530015,2026/08/28 12:01:20
2026/08/27,Viva Energy Refinery,535018,BBLARGE,7.011,0.000,0.000,0.000,,,VIC,Geelong,590005,2026/08/28 07:30:14
2026/08/27,VTS,530110,PIPE,0.000,421.313,60.869,0.001,,,VIC,Longford Hub,530015,2026/09/01 11:00:02
2026/08/27,VTS,530110,PIPE,0.000,149.083,80.022,0.000,,,VIC,Iona Hub,530016,2026/09/01 11:00:02
2026/08/27,VTS,530110,PIPE,12.548,0.000,0.000,0.000,,,VIC,Western,590004,2026/09/01 11:00:02
2026/08/27,VTS,530110,PIPE,57.567,0.000,0.000,0.000,,,VIC,Geelong,590005,2026/09/01 11:00:02
2026/08/27,VTS,530110,PIPE,38.006,0.000,0.000,0.000,,,VIC,Ballarat,590006,2026/09/01 11:00:02
2026/08/27,VTS,530110,PIPE,61.079,0.000,0.000,0.000,,,VIC,Northern,590007,2026/09/01 11:00:02
2026/08/27,VTS,530110,PIPE,362.820,0.167,0.000,0.000,,,VIC,Melbourne,590008,2026/09/01 11:00:02
2026/08/27,VTS,530110,PIPE,41.732,0.000,16.331,0.001,,,VIC,Gippsland,590009,2026/09/01 11:00:02
2026/08/27,VTS,530110,PIPE,0.000,0.000,0.000,128.458,,,NSW,Culcairn,590016,2026/09/01 11:00:02
2026/08/27,Wallumbilla Compression Station,544280,COMPRESSOR,0.000,0.000,0.000,0.000,,,QLD,Wallumbilla Hub,540032,2026/08/28 10:28:07
2026/08/27,WCFA,540045,COMPRESSOR,0.000,0.000,100.115,100.115,,,QLD,Wallumbilla Hub,540032,2026/08/28 12:46:48
2026/08/27,WCFB,540046,COMPRESSOR,0.000,0.000,133.131,133.131,,,QLD,Wallumbilla Hub,540032,2026/08/28 12:46:48
2026/08/27,Weddell Power Station,580232,BBGPG,13.143,0.000,0.000,0.000,,,NT,Darwin,580001,2026/08/28 12:46:48
2026/08/27,WGP,540091,PIPE,1516.273,0.000,0.000,0.000,,,QLD,Curtis Island,540030,2026/08/28 10:35:25
2026/08/27,WGP,540091,PIPE,0.000,1414.113,60.698,0.000,,,QLD,Regional - QLD,590001,2026/08/28 10:35:25
2026/08/27,Whyalla Steelworks,555085,BBLARGE,5.401,0.000,0.000,0.000,,,SA,Regional - SA,590013,2026/08/28 11:31:05
2026/08/27,Windibri,540069,PROD,0.000,91.572,0.000,0.000,,,QLD,Regional - QLD,590001,2026/08/28 10:35:25
2026/08/27,Woleebee Creek,540087,PROD,0.000,642.376,0.000,0.000,,,QLD,Regional - QLD,590001,2026/08/28 10:35:25
2026/08/27,WPP,580030,PIPE,13.143,25.263,0.000,12.118,,,NT,Darwin,580001,2026/08/28 12:46:48
2026/08/27,Yarwun,544282,BBGPG,40.034,0.000,0.000,0.000,,,QLD,Regional - QLD,590001,2026/08/28 12:01:09
2026/08/27,Yelcherr,580180,PROD,0.000,0.000,0.000,0.000,,,NT,Regional - NT,590017,2026/08/28 12:46:48
2026/08/27,Yellowbank,540074,PROD,0.000,12.016,0.000,0.000,,,QLD,Regional - QLD,590001,2026/08/28 12:01:09
2026/08/28,Adelaide Brighton,555091,BBLARGE,9.847,0.000,0.000,0.000,,,SA,Adelaide,550016,2026/08/29 13:00:00
2026/08/28,AGP,580010,PIPE,20.704,0.000,13.161,0.000,,,NT,Darwin,580001,2026/08/29 12:46:48
2026/08/28,AGP,580010,PIPE,6.743,31.698,0.000,19.598,,,NT,Regional - NT,590017,2026/08/29 12:46:48
2026/08/28,APLNG Pipeline,540093,PIPE,1679.256,0.000,0.000,0.000,,,QLD,Curtis Island,540030,2026/09/01 11:30:11
2026/08/28,APLNG Pipeline,540093,PIPE,0.000,1341.148,519.916,182.178,,,QLD,Regional - QLD,590001,2026/09/01 11:30:11
2026/08/28,Arcadia,540101,PROD,0.000,91.701,0.000,0.000,,,QLD,Regional - QLD,590001,2026/08/29 10:13:17
2026/08/28,ATGP,640013,PIPE,0.000,43.347,0.000,43.347,,,QLD,Regional - QLD,590001,2026/08/29 12:01:10
2026/08/28,ATHENA,535014,PROD,0.000,16.712,0.000,0.000,,,VIC,Iona Hub,530016,2026/09/01 10:28:17
2026/08/28,Atlas,544261,PROD,0.000,43.347,0.000,0.000,,,QLD,Regional - QLD,590001,2026/08/29 12:01:16
2026/08/28,Atlas East Central Processing Facility,640008,PROD,0.000,33.060,0.000,0.000,,,QLD,Regional - QLD,590001,2026/08/29 09:54:28
2026/08/28,Atlas to Reedy Creek Pipeline,640007,PIPE,0.000,33.060,0.000,32.600,,,QLD,Regional - QLD,590001,2026/08/29 12:46:48
2026/08/28,Australia Pacific LNG,544273,LNGEXPORT,1679.256,0.000,0.000,0.000,,,QLD,Curtis Island,540030,2026/08/29 12:00:25
2026/08/28,Australian Paper (Opal),535021,BBLARGE,11.227,0.000,0.000,0.000,,,VIC,Gippsland,590009,2026/09/01 11:00:02
2026/08/28,B1PL,540077,PIPE,0.039,41.206,0.000,43.840,,,QLD,Regional - QLD,590001,2026/08/29 11:00:48
2026/08/28,B2PL,540071,PIPE,0.000,52.709,6.011,60.695,,,QLD,Regional - QLD,590001,2026/08/29 10:35:27
2026/08/28,Bairnsdale Power Station,535020,BBGPG,0.000,0.000,0.000,0.000,,,VIC,Regional - VIC,590012,2026/08/29 11:00:45
2026/08/28,BCF,540047,COMPRESSOR,0.000,0.000,74.900,74.900,,,QLD,Regional - QLD,590001,2026/09/02 10:00:01
2026/08/28,Bell Bay CCGT,577016,BBGPG,26.931,0.000,0.000,0.000,,,TAS,Regional - TAS,590014,2026/08/30 12:01:00
2026/08/28,Bell Bay GGT,577014,BBGPG,0.000,0.000,0.000,0.000,,,TAS,Regional - TAS,590014,2026/08/30 12:01:00
2026/08/28,Bell Bay OCGT,577015,BBGPG,0.000,0.000,0.000,0.000,,,TAS,Regional - TAS,590014,2026/08/30 12:01:00
2026/08/28,Bellevue,540083,PROD,0.000,138.454,0.000,0.000,,,QLD,Regional - QLD,590001,2026/08/29 10:36:16
2026/08/28,BGP,580020,PIPE,0.312,0.000,0.000,0.000,,,NT,Regional - NT,590017,2026/08/29 12:46:48
2026/08/28,BlueScope,523204,BBLARGE,10.522,0.000,0.000,0.000,,,NSW,Sydney,520008,2026/08/29 12:01:05
2026/08/28,Bolivar,555008,BBGPG,0.000,0.000,0.000,0.000,,,SA,Regional - SA,590013,2026/08/29 12:03:33
2026/08/28,Bomaderry Gas Pipeline,523202,PIPE,0.000,0.000,21.960,0.000,,,NSW,Regional - NSW,590011,2026/08/29 12:01:05
2026/08/28,BPP,530030,PIPE,3.020,18.980,0.000,15.966,,,VIC,Gippsland,590009,2026/09/01 11:00:02
2026/08/28,Braemar 2 Power Station,544085,BBGPG,0.000,0.000,0.000,0.000,,,QLD,Regional - QLD,590001,2026/08/29 10:35:27
2026/08/28,Braemar Power Station,544252,BBGPG,0.039,0.000,0.000,0.000,,,QLD,Regional - QLD,590001,2026/08/29 11:00:48
2026/08/28,BWP,540096,PIPE,0.000,0.000,0.000,14.646,,,QLD,Wallumbilla Hub,540032,2026/08/29 12:46:48
2026/08/28,BWP,540096,PIPE,0.000,13.844,0.000,0.000,,,QLD,Regional - QLD,590001,2026/08/29 12:46:48
2026/08/28,CGP,540059,PIPE,0.000,0.000,74.945,0.000,,,QLD,Ballera,540078,2026/08/29 12:46:48
2026/08/28,CGP,540059,PIPE,74.005,0.000,0.000,0.000,,,QLD,Regional - QLD,590001,2026/08/29 12:46:48
2026/08/28,Channel Island Power Station,580231,BBGPG,20.704,0.000,0.000,0.000,,,NT,Darwin,580001,2026/08/29 12:46:48
2026/08/28,Colongra,523120,BBGPG,0.000,0.000,0.000,0.000,,,NSW,Regional - NSW,590011,2026/08/29 12:00:05
2026/08/28,ColongraGP,520090,PIPE,0.000,0.000,0.000,0.000,,,NSW,Sydney,520008,2026/08/29 12:00:05
2026/08/28,ColongraGP,520090,PIPE,0.000,0.000,0.000,0.000,,,NSW,Regional - NSW,590011,2026/08/29 12:00:05
2026/08/28,Combabula,540094,PROD,0.000,291.526,0.000,0.000,,,QLD,Regional - QLD,590001,2026/09/01 11:30:11
2026/08/28,Condabri Central,540080,PROD,0.000,137.927,0.000,0.000,,,QLD,Regional - QLD,590001,2026/09/01 11:30:11
2026/08/28,Condabri North,540090,PROD,0.000,162.262,0.000,0.000,,,QLD,Regional - QLD,590001,2026/09/01 11:30:11
2026/08/28,Condabri South,540086,PROD,0.000,157.220,0.000,0.000,,,QLD,Regional - QLD,590001,2026/09/01 11:30:11
2026/08/28,Condamine Power Station,544274,BBGPG,0.000,0.000,0.000,0.000,,,QLD,Regional - QLD,590001,2026/08/29 10:36:13
2026/08/28,CRWP,540098,PIPE,0.000,0.000,224.430,0.000,,,QLD,Wallumbilla Hub,540032,2026/08/29 10:13:06
2026/08/28,CRWP,540098,PIPE,0.000,233.411,39.553,530.713,,,QLD,Regional - QLD,590001,2026/08/29 10:13:06
2026/08/28,CWP,520054,PIPE,5.696,0.000,5.047,0.000,,,NSW,Regional - NSW,590011,2026/08/29 12:46:48
2026/08/28,Daandine,540050,PROD,0.000,54.771,0.000,0.000,,,QLD,Regional - QLD,590001,2026/08/29 10:35:35
2026/08/28,Dandenong LNG,530038,STOR,0.000,0.248,0.000,0.000,605.974,27.889,VIC,Melbourne,590008,2026/08/29 12:46:48
2026/08/28,DDP,540097,PIPE,0.000,0.000,0.000,218.223,,,QLD,Wallumbilla Hub,540032,2026/08/29 12:01:08
2026/08/28,DDP,540097,PIPE,0.002,560.107,148.260,493.036,,,QLD,Regional - QLD,590001,2026/08/29 12:01:08
2026/08/28,DDPS,544027,BBGPG,0.002,0.000,0.000,0.000,,,QLD,Regional - QLD,590001,2026/08/29 12:01:08
2026/08/28,Diamantina Power Station,544077,BBGPG,36.912,0.000,0.000,0.000,,,QLD,Regional - QLD,590001,2026/08/29 12:46:48
2026/08/28,Dry Creek Power Station,555026,BBGPG,0.000,0.000,0.000,0.000,,,SA,Regional - SA,590013,2026/08/29 11:31:05
2026/08/28,EGP,520047,PIPE,111.665,0.000,0.000,0.000,,,NSW,Sydney,520008,2026/08/29 12:01:05
2026/08/28,EGP,520047,PIPE,14.291,0.000,0.000,0.000,,,NSW,Canberra,520009,2026/08/29 12:01:05
2026/08/28,EGP,520047,PIPE,0.000,238.848,0.000,125.977,,,VIC,Longford Hub,530015,2026/08/29 12:01:05
2026/08/28,EGP,520047,PIPE,27.600,0.000,0.000,21.960,,,NSW,Regional - NSW,590011,2026/08/29 12:01:05
2026/08/28,EGP,520047,PIPE,1.017,72.126,0.000,0.000,,,VIC,Regional - VIC,590012,2026/08/29 12:01:05
2026/08/28,EO4PL,540055,PIPE,0.000,0.000,0.000,0.000,,,QLD,Regional - QLD,590001,2026/08/29 10:36:16
2026/08/28,Eurombah Creek,540089,PROD,0.000,145.570,0.000,0.000,,,QLD,Regional - QLD,590001,2026/09/01 11:30:11
2026/08/28,Fairview,540070,PROD,0.000,285.453,0.000,0.000,,,QLD,Regional - QLD,590001,2026/08/29 10:13:17
2026/08/28,GLNG (Curtis Island),544276,LNGEXPORT,998.188,0.000,0.000,0.000,,,QLD,Curtis Island,540030,2026/08/29 10:13:06
2026/08/28,GLNG Pipeline,540092,PIPE,998.188,0.000,0.000,0.000,,,QLD,Curtis Island,540030,2026/08/29 10:13:06
2026/08/28,GLNG Pipeline,540092,PIPE,0.000,420.292,531.005,9.898,,,QLD,Regional - QLD,590001,2026/08/29 10:36:16
2026/08/28,Hallett,555029,BBGPG,0.000,0.000,0.000,0.000,,,SA,Regional - SA,590013,2026/08/29 11:31:05
2026/08/28,Hunter Power Station,523210,BBGPG,0.000,0.000,0.000,0.000,,,NSW,Sydney,520008,2026/08/29 12:46:48
2026/08/28,ICF,530071,COMPRESSOR,0.000,0.000,10.406,10.406,,,VIC,Iona Hub,530016,2026/08/29 08:35:04
2026/08/28,Iona UGS,530042,STOR,10.406,156.862,0.000,0.000,13036.238,0.000,VIC,Iona Hub,530016,2026/08/29 08:30:23
2026/08/28,Jeerelang,533161,BBGPG,0.000,0.000,0.000,0.000,,,VIC,Gippsland,590009,2026/09/01 11:00:02
2026/08/28,Jordan,540088,PROD,0.000,335.574,0.000,0.000,,,QLD,Regional - QLD,590001,2026/08/29 10:36:16
2026/08/28,Katherine Power Station,580233,BBGPG,0.001,0.000,0.000,0.000,,,NT,Regional - NT,590017,2026/08/29 12:46:48
2026/08/28,Kenya,540075,PROD,0.000,120.968,0.000,0.000,,,QLD,Regional - QLD,590001,2026/08/29 10:36:16
2026/08/28,Kincora,544253,PROD,0.000,4.000,0.000,0.000,,,QLD,Regional - QLD,590001,2026/08/29 12:46:48
2026/08/28,KKLP,523209,PIPE,0.000,0.000,0.000,0.000,,,NSW,Sydney,520008,2026/08/29 12:46:48
2026/08/28,Kogan North,540061,PROD,0.000,4.317,0.000,0.000,,,QLD,Regional - QLD,590001,2026/08/29 12:46:48
2026/08/28,Ladbroke Grove PS,555086,BBGPG,8.654,0.000,0.000,0.000,,,SA,Regional - SA,590013,2026/08/29 12:46:48
2026/08/28,Lang Lang,530039,PROD,0.000,18.980,0.000,0.000,,,VIC,Gippsland,590009,2026/08/29 10:30:06
2026/08/28,Laverton,533201,BBGPG,0.000,0.000,0.000,0.000,,,VIC,Geelong,590005,2026/09/01 11:00:02
2026/08/28,Longford,530040,PROD,0.000,635.907,0.000,0.000,,,VIC,Longford Hub,530015,2026/08/29 08:27:51
2026/08/28,Loy Yang B,533163,BBGPG,0.000,0.000,0.000,0.000,,,VIC,Gippsland,590009,2026/08/29 11:00:43
2026/08/28,LYB Transmission Pipeline,535023,PIPE,0.097,0.000,0.020,0.000,,,VIC,Gippsland,590009,2026/08/29 11:00:43
2026/08/28,MAPS,550054,PIPE,24.776,0.000,0.000,0.000,,,SA,Adelaide,550016,2026/08/29 11:31:05
2026/08/28,MAPS,550054,PIPE,0.000,49.782,127.477,0.000,,,SA,Moomba Hub,550017,2026/08/29 11:31:05
2026/08/28,MAPS,550054,PIPE,146.042,0.000,0.000,0.000,,,SA,Regional - SA,590013,2026/08/29 11:31:05
2026/08/28,McArthur River Mine,580220,BBGPG,9.764,0.000,0.000,0.000,,,NT,Regional - NT,590017,2026/08/29 09:07:05
2026/08/28,MCF,550050,COMPRESSOR,0.000,0.000,140.357,140.357,,,SA,Moomba Hub,550017,2026/08/29 12:46:48
2026/08/28,Mereenie,580040,PROD,0.000,26.039,0.000,0.000,,,NT,Regional - NT,590017,2026/08/29 11:15:39
2026/08/28,Meridian,540064,PROD,0.000,47.388,0.000,0.000,,,QLD,Regional - QLD,590001,2026/08/29 09:38:57
2026/08/28,Mintaro Power Station,555031,BBGPG,0.000,0.000,0.000,0.000,,,SA,Regional - SA,590013,2026/08/29 11:31:05
2026/08/28,Moomba,550045,PROD,0.000,219.200,0.000,0.000,,,SA,Moomba Hub,550017,2026/09/02 10:00:01
2026/08/28,Moomba Storage,550046,STOR,0.000,0.700,0.000,0.000,6299.600,0.000,SA,Moomba Hub,550017,2026/09/02 10:00:01
2026/08/28,Mortlake PS,530063,BBGPG,48.798,0.000,0.000,0.000,,,VIC,Regional - VIC,590012,2026/08/29 07:20:00
2026/08/28,MPL,530061,PIPE,0.000,0.000,55.849,0.000,,,VIC,Iona Hub,530016,2026/08/29 07:20:00
2026/08/28,MPL,530061,PIPE,48.798,0.000,0.000,0.000,,,VIC,Regional - VIC,590012,2026/08/29 07:20:00
2026/08/28,MRP,580100,PIPE,9.764,0.000,9.765,0.000,,,NT,Regional - NT,590017,2026/08/29 09:07:05
2026/08/28,MSP,520053,PIPE,124.314,0.000,0.000,0.000,,,NSW,Sydney,520008,2026/08/29 12:46:48
2026/08/28,MSP,520053,PIPE,0.000,0.000,11.719,110.130,,,SA,Moomba Hub,550017,2026/08/29 12:46:48
2026/08/28,MSP,520053,PIPE,34.375,0.000,0.000,5.047,,,NSW,Regional - NSW,590011,2026/08/29 12:46:48
2026/08/28,MSP,520053,PIPE,11.697,0.000,0.000,0.000,,,NSW,Regional - ACT,590015,2026/08/29 12:46:48
2026/08/28,MSP,520053,PIPE,0.000,0.000,118.928,0.000,,,NSW,Culcairn,590016,2026/08/29 12:46:48
2026/08/28,Newport,533171,BBGPG,0.003,0.000,0.000,0.000,,,VIC,Melbourne,590008,2026/09/01 11:00:02
2026/08/28,NGP,580050,PIPE,0.000,0.000,0.000,0.000,,,QLD,Regional - QLD,590001,2026/08/29 12:01:14
2026/08/28,NGP,580050,PIPE,0.000,0.000,0.000,0.000,,,NT,Regional - NT,590017,2026/08/29 12:01:14
2026/08/28,NGS,520060,STOR,0.130,0.471,0.000,0.000,668.285,76.828,NSW,Sydney,520008,2026/08/29 07:52:33
2026/08/28,Oakey PS,544095,BBGPG,0.000,0.000,0.000,0.000,,,QLD,Regional - QLD,590001,2026/08/29 12:46:48
2026/08/28,Orana,540084,PROD,0.000,166.832,0.000,0.000,,,QLD,Regional - QLD,590001,2026/09/01 11:30:11
2026/08/28,Orbost,530041,PROD,0.000,72.126,0.000,0.000,,,VIC,Regional - VIC,590012,2026/08/29 12:01:05
2026/08/28,Orica,544011,BBLARGE,9.756,0.000,0.000,0.000,,,QLD,Regional - QLD,590001,2026/08/29 12:01:06
2026/08/28,Orica (Kooragang Island),523206,BBLARGE,38.771,0.000,0.000,0.000,,,NSW,Sydney,520008,2026/09/01 13:00:00
2026/08/28,Osborne,555033,BBGPG,26.926,0.000,0.000,0.000,,,SA,Regional - SA,590013,2026/08/29 11:31:05
2026/08/28,Otway,530044,PROD,0.000,172.552,0.000,0.000,,,VIC,Iona Hub,530016,2026/08/29 10:35:16
2026/08/28,Owen Springs Power Station,580235,BBGPG,0.491,0.000,0.000,0.000,,,NT,Regional - NT,590017,2026/08/29 06:41:05
2026/08/28,Palm Valley,580060,PROD,0.000,5.659,0.000,0.000,,,NT,Regional - NT,590017,2026/08/29 11:15:39
2026/08/28,PCA,550052,PIPE,0.000,17.670,49.665,1.948,,,VIC,Iona Hub,530016,2026/08/29 07:20:01
2026/08/28,PCA,550052,PIPE,31.652,0.000,0.000,0.000,,,SA,Adelaide,550016,2026/08/29 07:20:01
2026/08/28,PCA,550052,PIPE,0.000,0.000,0.000,17.187,,,VIC,Regional - VIC,590012,2026/08/29 07:20:01
2026/08/28,PCA,550052,PIPE,12.684,0.000,0.000,0.001,,,SA,Regional - SA,590013,2026/08/29 07:20:01
2026/08/28,PCI,530060,PIPE,0.000,183.587,1.948,185.535,,,VIC,Iona Hub,530016,2026/08/29 07:20:01
2026/08/28,Peat,540065,PROD,0.000,11.440,0.000,0.000,,,QLD,Regional - QLD,590001,2026/09/01 11:30:11
2026/08/28,Pelican Point Power Station,555089,BBGPG,39.855,0.000,0.000,0.000,,,SA,Regional - SA,590013,2026/08/29 07:20:01
2026/08/28,Phosphate Hill,544081,BBLARGE,24.591,0.000,0.000,0.000,,,QLD,Regional - QLD,590001,2026/08/29 12:46:48
2026/08/28,Pipeline Compression Station,544279,COMPRESSOR,0.000,0.000,0.000,0.000,,,QLD,Regional - QLD,590001,2026/08/29 10:13:06
2026/08/28,PVP,580070,PIPE,1.002,0.000,1.093,0.000,,,NT,Regional - NT,590017,2026/08/29 06:41:05
2026/08/28,QCLNG LNG Plant,544272,LNGEXPORT,1485.826,0.000,0.000,0.000,,,QLD,Curtis Island,540030,2026/08/29 10:36:16
2026/08/28,QGP,540058,PIPE,0.000,0.000,0.000,0.000,,,QLD,Wallumbilla Hub,540032,2026/08/29 12:01:06
2026/08/28,QGP,540058,PIPE,103.088,25.621,76.886,12.987,,,QLD,Regional - QLD,590001,2026/08/29 12:01:06
2026/08/28,Quarantine Power Station,555087,BBGPG,1.101,0.000,0.000,0.000,,,SA,Regional - SA,590013,2026/08/29 11:31:05
2026/08/28,Queensland Aluminia,544012,BBLARGE,26.279,0.000,0.000,0.000,,,QLD,Regional - QLD,590001,2026/08/29 12:01:06
2026/08/28,RBP,540057,PIPE,0.000,0.000,18.940,10.300,,,QLD,Wallumbilla Hub,540032,2026/08/29 12:46:48
2026/08/28,RBP,540057,PIPE,3.779,21.958,50.140,6.011,,,QLD,Regional - QLD,590001,2026/08/29 12:46:48
2026/08/28,RBP,540057,PIPE,67.967,0.000,0.000,0.000,,,QLD,Brisbane,590002,2026/08/29 12:46:48
2026/08/28,RCWP,540102,PIPE,0.000,0.000,0.000,15.157,,,QLD,Wallumbilla Hub,540032,2026/08/29 12:46:48
2026/08/28,RCWP,540102,PIPE,0.000,0.000,32.600,17.275,,,QLD,Regional - QLD,590001,2026/08/29 12:46:48
2026/08/28,Reedy Creek,540085,PROD,0.000,198.843,0.000,0.000,,,QLD,Regional - QLD,590001,2026/09/01 11:30:11
2026/08/28,RMNGPF,640011,PROD,0.000,17.070,0.000,0.000,,,QLD,Regional - QLD,590001,2026/08/29 09:54:08
2026/08/28,RNMGP,640012,PIPE,0.000,17.070,0.000,17.070,,,QLD,Regional - QLD,590001,2026/08/29 09:54:08
2026/08/28,RNP,640009,PIPE,0.000,22.483,0.000,22.483,,,QLD,Regional - QLD,590001,2026/08/29 12:01:07
2026/08/28,Rolleston,540073,PROD,0.000,9.285,0.000,0.000,,,QLD,Regional - QLD,590001,2026/08/29 12:01:06
2026/08/28,Roma,540095,PROD,0.000,233.411,0.000,0.000,,,QLD,Regional - QLD,590001,2026/08/29 10:13:20
2026/08/28,Roma North,544260,PROD,0.000,22.483,0.000,0.000,,,QLD,Regional - QLD,590001,2026/08/29 12:01:15
2026/08/28,Roma Power Station,540120,BBGPG,0.000,0.000,0.000,0.000,,,QLD,Regional - QLD,590001,2026/08/29 12:15:58
2026/08/28,Ron Goodin Power Station,580234,BBGPG,0.000,0.000,0.000,0.000,,,NT,Regional - NT,590017,2026/08/29 06:41:05
2026/08/28,RPL,540110,PIPE,0.058,0.000,0.000,0.000,,,QLD,Regional - QLD,590001,2026/08/29 12:15:58
2026/08/28,Ruby Jo,540082,PROD,0.000,425.404,0.000,0.000,,,QLD,Regional - QLD,590001,2026/08/29 10:36:16
2026/08/28,RUGS,540040,STOR,0.000,0.000,0.000,0.000,15129.557,0.000,QLD,Regional - QLD,590001,2026/08/29 10:13:20
2026/08/28,Scotia,540072,PROD,0.000,97.172,0.000,0.000,,,QLD,Regional - QLD,590001,2026/08/29 10:13:20
2026/08/28,SEPS,550061,PIPE,7.958,0.000,8.007,0.000,,,SA,Regional - SA,590013,2026/08/29 11:32:05
2026/08/28,SESA,550060,PIPE,0.000,0.000,17.187,0.000,,,VIC,Regional - VIC,590012,2026/08/29 12:46:48
2026/08/28,SESA,550060,PIPE,8.654,0.000,0.000,8.007,,,SA,Regional - SA,590013,2026/08/29 12:46:48
2026/08/28,Smithfield Energy Facility,522004,BBGPG,0.000,0.000,0.000,0.000,,,NSW,Regional - NSW,590011,2026/08/29 12:03:41
2026/08/28,Snapper Point,555090,BBGPG,0.000,0.000,0.000,0.000,,,SA,Regional - SA,590013,2026/08/29 11:31:05
2026/08/28,Somerton,533174,BBGPG,14.781,0.000,0.000,0.000,,,VIC,Melbourne,590008,2026/09/01 11:00:02
2026/08/28,Spring Gully,540066,PROD,0.000,54.975,0.000,0.000,,,QLD,Regional - QLD,590001,2026/09/01 11:30:11
2026/08/28,SSP,540103,PIPE,0.000,6.300,0.000,6.300,,,QLD,Regional - QLD,590001,2026/08/29 09:25:48
2026/08/28,SSSF,540062,STOR,0.000,6.610,0.000,0.000,8496.982,0.000,QLD,Regional - QLD,590001,2026/08/29 09:25:48
2026/08/28,Strathblane,540067,PROD,0.000,47.411,0.000,0.000,,,QLD,Regional - QLD,590001,2026/09/01 11:30:11
2026/08/28,Swanbank Power Station,544104,BBGPG,24.155,0.000,0.000,0.000,,,QLD,Brisbane,590002,2026/08/29 12:46:48
2026/08/28,SWQP,540060,PIPE,0.000,0.000,270.172,242.229,,,QLD,Wallumbilla Hub,540032,2026/08/29 12:46:48
2026/08/28,SWQP,540060,PIPE,0.000,0.000,0.000,79.977,,,QLD,Ballera,540078,2026/08/29 12:46:48
2026/08/28,SWQP,540060,PIPE,0.000,169.422,100.386,129.452,,,SA,Moomba Hub,550017,2026/08/29 12:46:48
2026/08/28,SWQP,540060,PIPE,0.138,0.000,0.000,0.000,,,QLD,Regional - QLD,590001,2026/08/29 12:46:48
2026/08/28,Talinga,540076,PROD,0.000,78.205,0.000,0.000,,,QLD,Regional - QLD,590001,2026/09/01 11:30:11
2026/08/28,Tallawarra,522002,BBGPG,22.100,0.000,0.000,0.000,,,NSW,Regional - NSW,590011,2026/08/29 11:00:10
2026/08/28,Tallawarra Pipeline,523201,PIPE,22.100,0.000,22.100,0.000,,,NSW,Regional - NSW,590011,2026/08/29 11:00:10
2026/08/28,Taloona,540068,PROD,0.000,40.098,0.000,0.000,,,QLD,Regional - QLD,590001,2026/09/01 11:30:11
2026/08/28,Tanami GP,580210,PIPE,8.427,0.000,8.740,0.000,,,NT,Regional - NT,590017,2026/08/29 12:02:00
2026/08/28,TGP,570050,PIPE,0.000,0.000,78.393,49.505,,,VIC,Longford Hub,530015,2026/08/30 12:01:00
2026/08/28,TGP,570050,PIPE,41.761,0.000,0.000,0.000,,,TAS,Regional - TAS,590014,2026/08/30 12:01:00
2026/08/28,Tipton,540051,PROD,0.000,39.146,0.000,0.000,,,QLD,Regional - QLD,590001,2026/08/29 10:35:35
2026/08/28,Torrens Island PS,555041,BBGPG,64.402,0.000,0.000,0.000,,,SA,Regional - SA,590013,2026/08/29 11:31:05
2026/08/28,Uranquinty Power Station,522047,BBGPG,0.003,0.000,0.000,0.000,,,NSW,Regional - NSW,590011,2026/08/29 12:46:48
2026/08/28,Valley Power GPG,535024,BBGPG,0.097,0.000,0.000,0.000,,,VIC,Gippsland,590009,2026/08/29 11:00:43
2026/08/28,VicHub,532005,PIPE,0.000,0.000,47.587,47.587,,,VIC,Longford Hub,530015,2026/08/29 12:01:17
2026/08/28,Viva Energy Refinery,535018,BBLARGE,6.863,0.000,0.000,0.000,,,VIC,Geelong,590005,2026/08/29 07:30:15
2026/08/28,VTS,530110,PIPE,0.000,394.802,97.118,0.000,,,VIC,Longford Hub,530015,2026/09/01 11:00:02
2026/08/28,VTS,530110,PIPE,0.000,130.400,80.020,0.000,,,VIC,Iona Hub,530016,2026/09/01 11:00:02
2026/08/28,VTS,530110,PIPE,13.607,0.000,0.000,0.000,,,VIC,Western,590004,2026/09/01 11:00:02
2026/08/28,VTS,530110,PIPE,63.351,0.000,0.000,0.000,,,VIC,Geelong,590005,2026/09/01 11:00:02
2026/08/28,VTS,530110,PIPE,38.982,0.000,0.000,0.000,,,VIC,Ballarat,590006,2026/09/01 11:00:02
2026/08/28,VTS,530110,PIPE,55.745,0.000,0.000,0.000,,,VIC,Northern,590007,2026/09/01 11:00:02
2026/08/28,VTS,530110,PIPE,373.578,0.122,0.000,0.000,,,VIC,Melbourne,590008,2026/09/01 11:00:02
2026/08/28,VTS,530110,PIPE,42.817,0.000,15.966,0.020,,,VIC,Gippsland,590009,2026/09/01 11:00:02
2026/08/28,VTS,530110,PIPE,0.000,0.000,0.000,118.069,,,NSW,Culcairn,590016,2026/09/01 11:00:02
2026/08/28,Wallumbilla Compression Station,544280,COMPRESSOR,0.000,0.000,0.000,0.000,,,QLD,Wallumbilla Hub,540032,2026/08/29 10:13:06
2026/08/28,WCFA,540045,COMPRESSOR,0.000,0.000,95.242,95.242,,,QLD,Wallumbilla Hub,540032,2026/08/29 12:46:48
2026/08/28,WCFB,540046,COMPRESSOR,0.000,0.000,146.987,146.987,,,QLD,Wallumbilla Hub,540032,2026/08/29 12:46:48
2026/08/28,Weddell Power Station,580232,BBGPG,12.088,0.000,0.000,0.000,,,NT,Darwin,580001,2026/08/29 12:46:48
2026/08/28,WGP,540091,PIPE,1485.826,0.000,0.000,0.000,,,QLD,Curtis Island,540030,2026/08/29 10:36:16
2026/08/28,WGP,540091,PIPE,0.000,1412.278,60.695,0.000,,,QLD,Regional - QLD,590001,2026/08/29 10:36:16
2026/08/28,Whyalla Steelworks,555085,BBLARGE,6.274,0.000,0.000,0.000,,,SA,Regional - SA,590013,2026/08/29 11:31:05
2026/08/28,Windibri,540069,PROD,0.000,90.900,0.000,0.000,,,QLD,Regional - QLD,590001,2026/08/29 10:36:16
2026/08/28,Woleebee Creek,540087,PROD,0.000,642.939,0.000,0.000,,,QLD,Regional - QLD,590001,2026/08/29 10:36:16
2026/08/28,WPP,580030,PIPE,12.088,25.248,0.000,13.161,,,NT,Darwin,580001,2026/08/29 12:46:48
2026/08/28,Yarwun,544282,BBGPG,50.429,0.000,0.000,0.000,,,QLD,Regional - QLD,590001,2026/08/29 12:01:06
2026/08/28,Yelcherr,580180,PROD,0.000,0.000,0.000,0.000,,,NT,Regional - NT,590017,2026/08/29 12:46:48
2026/08/28,Yellowbank,540074,PROD,0.000,12.086,0.000,0.000,,,QLD,Regional - QLD,590001,2026/08/29 12:01:06
2026/08/29,Adelaide Brighton,555091,BBLARGE,10.225,0.000,0.000,0.000,,,SA,Adelaide,550016,2026/08/30 13:00:01
2026/08/29,AGP,580010,PIPE,20.354,0.000,14.296,0.000,,,NT,Darwin,580001,2026/08/30 12:47:48
2026/08/29,AGP,580010,PIPE,6.747,31.536,0.000,19.039,,,NT,Regional - NT,590017,2026/08/30 12:47:48
2026/08/29,APLNG Pipeline,540093,PIPE,1676.187,0.000,0.000,0.000,,,QLD,Curtis Island,540030,2026/09/01 11:30:11
2026/08/29,APLNG Pipeline,540093,PIPE,0.000,1340.821,527.235,186.802,,,QLD,Regional - QLD,590001,2026/09/01 11:30:11
2026/08/29,Arcadia,540101,PROD,0.000,92.028,0.000,0.000,,,QLD,Regional - QLD,590001,2026/08/30 10:28:38
2026/08/29,ATGP,640013,PIPE,0.000,43.370,0.000,43.370,,,QLD,Regional - QLD,590001,2026/08/30 12:01:13
2026/08/29,ATHENA,535014,PROD,0.000,17.176,0.000,0.000,,,VIC,Iona Hub,530016,2026/09/01 10:28:17
2026/08/29,Atlas,544261,PROD,0.000,43.370,0.000,0.000,,,QLD,Regional - QLD,590001,2026/08/30 12:01:21
2026/08/29,Atlas East Central Processing Facility,640008,PROD,0.000,32.990,0.000,0.000,,,QLD,Regional - QLD,590001,2026/08/30 10:56:39
2026/08/29,Atlas to Reedy Creek Pipeline,640007,PIPE,0.000,32.992,0.000,34.230,,,QLD,Regional - QLD,590001,2026/08/30 12:47:48
2026/08/29,Australia Pacific LNG,544273,LNGEXPORT,1676.187,0.000,0.000,0.000,,,QLD,Curtis Island,540030,2026/08/30 12:00:25
2026/08/29,Australian Paper (Opal),535021,BBLARGE,12.184,0.000,0.000,0.000,,,VIC,Gippsland,590009,2026/09/01 11:00:02
2026/08/29,B1PL,540077,PIPE,0.037,40.020,0.000,40.021,,,QLD,Regional - QLD,590001,2026/08/30 11:00:52
2026/08/29,B2PL,540071,PIPE,0.000,54.540,10.001,59.706,,,QLD,Regional - QLD,590001,2026/08/30 10:16:36
2026/08/29,Bairnsdale Power Station,535020,BBGPG,0.000,0.000,0.000,0.000,,,VIC,Regional - VIC,590012,2026/08/30 11:00:54
2026/08/29,BCF,540047,COMPRESSOR,0.000,0.000,65.300,65.300,,,QLD,Regional - QLD,590001,2026/09/02 10:00:01
2026/08/29,Bell Bay CCGT,577016,BBGPG,26.940,0.000,0.000,0.000,,,TAS,Regional - TAS,590014,2026/08/31 12:01:01
2026/08/29,Bell Bay GGT,577014,BBGPG,0.000,0.000,0.000,0.000,,,TAS,Regional - TAS,590014,2026/08/31 12:01:01
2026/08/29,Bell Bay OCGT,577015,BBGPG,0.000,0.000,0.000,0.000,,,TAS,Regional - TAS,590014,2026/08/31 12:01:01
2026/08/29,Bellevue,540083,PROD,0.000,139.754,0.000,0.000,,,QLD,Regional - QLD,590001,2026/08/30 10:35:39
2026/08/29,BGP,580020,PIPE,0.301,0.000,0.000,0.000,,,NT,Regional - NT,590017,2026/08/30 12:47:48
2026/08/29,BlueScope,523204,BBLARGE,11.150,0.000,0.000,0.000,,,NSW,Sydney,520008,2026/08/30 12:01:05
2026/08/29,Bolivar,555008,BBGPG,0.000,0.000,0.000,0.000,,,SA,Regional - SA,590013,2026/08/30 12:07:17
2026/08/29,Bomaderry Gas Pipeline,523202,PIPE,22.219,0.000,22.219,0.000,,,NSW,Regional - NSW,590011,2026/08/30 12:42:12
2026/08/29,BPP,530030,PIPE,2.700,20.010,0.000,17.303,,,VIC,Gippsland,590009,2026/09/01 11:00:02
2026/08/29,Braemar 2 Power Station,544085,BBGPG,0.000,0.000,0.000,0.000,,,QLD,Regional - QLD,590001,2026/08/30 10:16:36
2026/08/29,Braemar Power Station,544252,BBGPG,0.037,0.000,0.000,0.000,,,QLD,Regional - QLD,590001,2026/08/30 11:00:52
2026/08/29,BWP,540096,PIPE,0.000,0.000,0.000,4.625,,,QLD,Wallumbilla Hub,540032,2026/08/30 12:47:48
2026/08/29,BWP,540096,PIPE,0.000,5.052,0.000,0.000,,,QLD,Regional - QLD,590001,2026/08/30 12:47:48
2026/08/29,CGP,540059,PIPE,0.000,0.000,65.285,0.000,,,QLD,Ballera,540078,2026/08/30 12:47:48
2026/08/29,CGP,540059,PIPE,69.313,0.000,0.000,0.000,,,QLD,Regional - QLD,590001,2026/08/30 12:47:48
2026/08/29,Channel Island Power Station,580231,BBGPG,20.354,0.000,0.000,0.000,,,NT,Darwin,580001,2026/08/30 12:47:48
2026/08/29,Colongra,523120,BBGPG,0.000,0.000,0.000,0.000,,,NSW,Regional - NSW,590011,2026/08/30 12:00:05
2026/08/29,ColongraGP,520090,PIPE,0.000,0.000,0.000,0.000,,,NSW,Sydney,520008,2026/08/30 12:00:05
2026/08/29,ColongraGP,520090,PIPE,0.000,0.000,0.000,0.000,,,NSW,Regional - NSW,590011,2026/08/30 12:00:05
2026/08/29,Combabula,540094,PROD,0.000,291.284,0.000,0.000,,,QLD,Regional - QLD,590001,2026/09/01 11:30:11
2026/08/29,Condabri Central,540080,PROD,0.000,137.923,0.000,0.000,,,QLD,Regional - QLD,590001,2026/09/01 11:30:11
2026/08/29,Condabri North,540090,PROD,0.000,161.976,0.000,0.000,,,QLD,Regional - QLD,590001,2026/09/01 11:30:11
2026/08/29,Condabri South,540086,PROD,0.000,157.059,0.000,0.000,,,QLD,Regional - QLD,590001,2026/09/01 11:30:11
2026/08/29,Condamine Power Station,544274,BBGPG,0.000,0.000,0.000,0.000,,,QLD,Regional - QLD,590001,2026/08/30 10:35:28
2026/08/29,CRWP,540098,PIPE,0.000,0.000,210.374,0.000,,,QLD,Wallumbilla Hub,540032,2026/08/30 10:28:07
2026/08/29,CRWP,540098,PIPE,0.000,233.664,40.084,542.888,,,QLD,Regional - QLD,590001,2026/08/30 10:28:07
2026/08/29,CWP,520054,PIPE,2.783,0.000,2.969,0.000,,,NSW,Regional - NSW,590011,2026/08/30 12:47:48
2026/08/29,Daandine,540050,PROD,0.000,54.540,0.000,0.000,,,QLD,Regional - QLD,590001,2026/08/30 10:16:47
2026/08/29,Dandenong LNG,530038,STOR,0.000,0.213,0.000,0.000,605.781,27.889,VIC,Melbourne,590008,2026/08/30 12:47:48
2026/08/29,DDP,540097,PIPE,0.000,0.000,0.000,218.558,,,QLD,Wallumbilla Hub,540032,2026/08/30 12:01:11
2026/08/29,DDP,540097,PIPE,0.002,560.476,147.746,492.823,,,QLD,Regional - QLD,590001,2026/08/30 12:01:11
2026/08/29,DDPS,544027,BBGPG,0.002,0.000,0.000,0.000,,,QLD,Regional - QLD,590001,2026/08/30 12:01:11
2026/08/29,Diamantina Power Station,544077,BBGPG,36.994,0.000,0.000,0.000,,,QLD,Regional - QLD,590001,2026/08/30 12:47:48
2026/08/29,Dry Creek Power Station,555026,BBGPG,0.000,0.000,0.000,0.000,,,SA,Regional - SA,590013,2026/08/30 11:31:05
2026/08/29,EGP,520047,PIPE,109.114,0.000,0.000,0.000,,,NSW,Sydney,520008,2026/08/30 12:01:05
2026/08/29,EGP,520047,PIPE,10.961,0.000,0.000,0.000,,,NSW,Canberra,520009,2026/08/30 12:01:05
2026/08/29,EGP,520047,PIPE,0.000,230.542,0.000,118.913,,,VIC,Longford Hub,530015,2026/08/30 12:01:05
2026/08/29,EGP,520047,PIPE,23.590,0.000,0.000,22.219,,,NSW,Regional - NSW,590011,2026/08/30 12:01:05
2026/08/29,EGP,520047,PIPE,0.686,70.237,0.000,0.000,,,VIC,Regional - VIC,590012,2026/08/30 12:01:05
2026/08/29,EO4PL,540055,PIPE,0.000,0.000,0.000,0.000,,,QLD,Regional - QLD,590001,2026/08/30 10:35:39
2026/08/29,Eurombah Creek,540089,PROD,0.000,145.529,0.000,0.000,,,QLD,Regional - QLD,590001,2026/09/01 11:30:11
2026/08/29,Fairview,540070,PROD,0.000,286.085,0.000,0.000,,,QLD,Regional - QLD,590001,2026/08/30 10:28:38
2026/08/29,GLNG (Curtis Island),544276,LNGEXPORT,1017.705,0.000,0.000,0.000,,,QLD,Curtis Island,540030,2026/08/30 10:28:07
2026/08/29,GLNG Pipeline,540092,PIPE,1017.705,0.000,0.000,0.000,,,QLD,Curtis Island,540030,2026/08/30 10:28:07
2026/08/29,GLNG Pipeline,540092,PIPE,0.000,421.779,542.888,7.146,,,QLD,Regional - QLD,590001,2026/08/30 10:35:39
2026/08/29,Hallett,555029,BBGPG,0.000,0.000,0.000,0.000,,,SA,Regional - SA,590013,2026/08/30 11:31:05
2026/08/29,Hunter Power Station,523210,BBGPG,0.000,0.000,0.000,0.000,,,NSW,Sydney,520008,2026/08/30 12:47:48
2026/08/29,ICF,530071,COMPRESSOR,0.000,0.000,10.500,10.500,,,VIC,Iona Hub,530016,2026/08/30 08:35:03
2026/08/29,Iona UGS,530042,STOR,39.195,83.814,0.000,0.000,12991.619,0.000,VIC,Iona Hub,530016,2026/08/30 08:30:03
2026/08/29,Jeerelang,533161,BBGPG,0.000,0.000,0.000,0.000,,,VIC,Gippsland,590009,2026/09/01 11:00:02
2026/08/29,Jordan,540088,PROD,0.000,335.121,0.000,0.000,,,QLD,Regional - QLD,590001,2026/08/30 10:35:39
2026/08/29,Katherine Power Station,580233,BBGPG,0.000,0.000,0.000,0.000,,,NT,Regional - NT,590017,2026/08/30 12:47:48
2026/08/29,Kenya,540075,PROD,0.000,120.286,0.000,0.000,,,QLD,Regional - QLD,590001,2026/08/30 10:35:39
2026/08/29,Kincora,544253,PROD,0.000,4.000,0.000,0.000,,,QLD,Regional - QLD,590001,2026/08/30 12:47:48
2026/08/29,KKLP,523209,PIPE,0.000,0.000,0.000,0.000,,,NSW,Sydney,520008,2026/08/30 12:47:48
2026/08/29,Kogan North,540061,PROD,0.000,4.313,0.000,0.000,,,QLD,Regional - QLD,590001,2026/08/30 12:47:48
2026/08/29,Ladbroke Grove PS,555086,BBGPG,4.557,0.000,0.000,0.000,,,SA,Regional - SA,590013,2026/08/30 12:47:48
2026/08/29,Lang Lang,530039,PROD,0.000,20.010,0.000,0.000,,,VIC,Gippsland,590009,2026/08/30 10:36:31
2026/08/29,Laverton,533201,BBGPG,0.000,0.000,0.000,0.000,,,VIC,Geelong,590005,2026/09/01 11:00:02
2026/08/29,Longford,530040,PROD,0.000,636.417,0.000,0.000,,,VIC,Longford Hub,530015,2026/08/30 08:36:17
2026/08/29,Loy Yang B,533163,BBGPG,0.000,0.000,0.000,0.000,,,VIC,Gippsland,590009,2026/08/30 11:00:45
2026/08/29,LYB Transmission Pipeline,535023,PIPE,0.031,0.000,0.000,0.000,,,VIC,Gippsland,590009,2026/08/30 11:00:45
2026/08/29,MAPS,550054,PIPE,22.237,0.000,0.000,0.000,,,SA,Adelaide,550016,2026/08/30 11:31:05
2026/08/29,MAPS,550054,PIPE,0.000,40.447,58.178,0.000,,,SA,Moomba Hub,550017,2026/08/30 11:31:05
2026/08/29,MAPS,550054,PIPE,74.442,0.000,10.001,0.000,,,SA,Regional - SA,590013,2026/08/30 11:31:05
2026/08/29,McArthur River Mine,580220,BBGPG,9.490,0.000,0.000,0.000,,,NT,Regional - NT,590017,2026/08/30 09:38:33
2026/08/29,MCF,550050,COMPRESSOR,0.000,0.000,207.271,207.271,,,SA,Moomba Hub,550017,2026/08/30 12:47:48
2026/08/29,Mereenie,580040,PROD,0.000,25.878,0.000,0.000,,,NT,Regional - NT,590017,2026/08/30 11:13:27
2026/08/29,Meridian,540064,PROD,0.000,47.916,0.000,0.000,,,QLD,Regional - QLD,590001,2026/08/30 09:39:09
2026/08/29,Mintaro Power Station,555031,BBGPG,0.000,0.000,0.000,0.000,,,SA,Regional - SA,590013,2026/08/30 11:31:05
2026/08/29,Moomba,550045,PROD,0.000,215.700,0.000,0.000,,,SA,Moomba Hub,550017,2026/09/02 10:00:01
2026/08/29,Moomba Storage,550046,STOR,0.000,0.000,0.000,0.000,6299.600,0.000,SA,Moomba Hub,550017,2026/09/02 10:00:01
2026/08/29,Mortlake PS,530063,BBGPG,0.000,0.000,0.000,0.000,,,VIC,Regional - VIC,590012,2026/08/30 07:20:00
2026/08/29,MPL,530061,PIPE,0.000,0.000,22.305,0.000,,,VIC,Iona Hub,530016,2026/08/30 07:20:00
2026/08/29,MPL,530061,PIPE,0.000,0.000,0.000,0.000,,,VIC,Regional - VIC,590012,2026/08/30 07:20:00
2026/08/29,MRP,580100,PIPE,9.490,0.000,9.491,0.000,,,NT,Regional - NT,590017,2026/08/30 09:38:33
2026/08/29,MSP,520053,PIPE,112.101,0.000,0.000,0.000,,,NSW,Sydney,520008,2026/08/30 12:47:48
2026/08/29,MSP,520053,PIPE,0.000,0.000,2.831,90.006,,,SA,Moomba Hub,550017,2026/08/30 12:47:48
2026/08/29,MSP,520053,PIPE,29.170,0.000,0.000,2.969,,,NSW,Regional - NSW,590011,2026/08/30 12:47:48
2026/08/29,MSP,520053,PIPE,9.150,0.000,0.000,0.000,,,NSW,Regional - ACT,590015,2026/08/30 12:47:48
2026/08/29,MSP,520053,PIPE,0.000,0.000,142.860,0.000,,,NSW,Culcairn,590016,2026/08/30 12:47:48
2026/08/29,Newport,533171,BBGPG,0.007,0.000,0.000,0.000,,,VIC,Melbourne,590008,2026/09/01 11:00:02
2026/08/29,NGP,580050,PIPE,0.000,0.000,0.000,0.000,,,QLD,Regional - QLD,590001,2026/08/30 12:01:17
2026/08/29,NGP,580050,PIPE,0.000,0.000,0.000,0.000,,,NT,Regional - NT,590017,2026/08/30 12:01:17
2026/08/29,NGS,520060,STOR,0.110,0.420,0.000,0.000,667.931,76.828,NSW,Sydney,520008,2026/08/30 08:03:14
2026/08/29,Oakey PS,544095,BBGPG,0.000,0.000,0.000,0.000,,,QLD,Regional - QLD,590001,2026/08/30 12:47:48
2026/08/29,Orana,540084,PROD,0.000,166.636,0.000,0.000,,,QLD,Regional - QLD,590001,2026/09/01 11:30:11
2026/08/29,Orbost,530041,PROD,0.000,70.237,0.000,0.000,,,VIC,Regional - VIC,590012,2026/08/30 12:01:05
2026/08/29,Orica,544011,BBLARGE,9.667,0.000,0.000,0.000,,,QLD,Regional - QLD,590001,2026/08/30 12:01:07
2026/08/29,Orica (Kooragang Island),523206,BBLARGE,39.327,0.000,0.000,0.000,,,NSW,Sydney,520008,2026/08/30 13:00:00
2026/08/29,Osborne,555033,BBGPG,5.055,0.000,0.000,0.000,,,SA,Regional - SA,590013,2026/08/30 11:31:05
2026/08/29,Otway,530044,PROD,0.000,174.899,0.000,0.000,,,VIC,Iona Hub,530016,2026/08/30 12:17:58
2026/08/29,Owen Springs Power Station,580235,BBGPG,0.246,0.000,0.000,0.000,,,NT,Regional - NT,590017,2026/08/30 06:41:03
2026/08/29,Palm Valley,580060,PROD,0.000,5.658,0.000,0.000,,,NT,Regional - NT,590017,2026/08/30 11:13:27
2026/08/29,PCA,550052,PIPE,0.000,16.387,53.526,1.003,,,VIC,Iona Hub,530016,2026/08/30 07:20:01
2026/08/29,PCA,550052,PIPE,27.094,0.000,0.000,0.000,,,SA,Adelaide,550016,2026/08/30 07:20:01
2026/08/29,PCA,550052,PIPE,0.000,0.000,0.000,11.964,,,VIC,Regional - VIC,590012,2026/08/30 07:20:01
2026/08/29,PCA,550052,PIPE,0.220,0.000,0.000,10.015,,,SA,Regional - SA,590013,2026/08/30 07:20:01
2026/08/29,PCI,530060,PIPE,0.000,186.206,1.003,187.209,,,VIC,Iona Hub,530016,2026/08/30 07:20:01
2026/08/29,Peat,540065,PROD,0.000,11.377,0.000,0.000,,,QLD,Regional - QLD,590001,2026/09/01 11:30:11
2026/08/29,Pelican Point Power Station,555089,BBGPG,25.357,0.000,0.000,0.000,,,SA,Regional - SA,590013,2026/08/30 07:20:01
2026/08/29,Phosphate Hill,544081,BBLARGE,21.971,0.000,0.000,0.000,,,QLD,Regional - QLD,590001,2026/08/30 12:47:48
2026/08/29,Pipeline Compression Station,544279,COMPRESSOR,0.000,0.000,0.000,0.000,,,QLD,Regional - QLD,590001,2026/08/30 10:28:07
2026/08/29,PVP,580070,PIPE,0.727,0.000,0.808,0.000,,,NT,Regional - NT,590017,2026/08/30 06:41:03
2026/08/29,QCLNG LNG Plant,544272,LNGEXPORT,1480.135,0.000,0.000,0.000,,,QLD,Curtis Island,540030,2026/08/30 10:35:39
2026/08/29,QGP,540058,PIPE,0.000,0.000,2.074,0.000,,,QLD,Wallumbilla Hub,540032,2026/08/30 12:01:07
2026/08/29,QGP,540058,PIPE,100.657,24.793,81.886,0.000,,,QLD,Regional - QLD,590001,2026/08/30 12:01:07
2026/08/29,Quarantine Power Station,555087,BBGPG,0.000,0.000,0.000,0.000,,,SA,Regional - SA,590013,2026/08/30 11:31:05
2026/08/29,Queensland Aluminia,544012,BBLARGE,26.293,0.000,0.000,0.000,,,QLD,Regional - QLD,590001,2026/08/30 12:01:07
2026/08/29,RBP,540057,PIPE,0.000,0.000,0.000,13.300,,,QLD,Wallumbilla Hub,540032,2026/08/30 12:47:48
2026/08/29,RBP,540057,PIPE,2.472,21.395,46.321,10.001,,,QLD,Regional - QLD,590001,2026/08/30 12:47:48
2026/08/29,RBP,540057,PIPE,37.081,0.000,0.000,0.000,,,QLD,Brisbane,590002,2026/08/30 12:47:48
2026/08/29,RCWP,540102,PIPE,0.000,0.000,0.000,6.351,,,QLD,Wallumbilla Hub,540032,2026/08/30 12:47:48
2026/08/29,RCWP,540102,PIPE,0.000,0.000,34.230,27.266,,,QLD,Regional - QLD,590001,2026/08/30 12:47:48
2026/08/29,Reedy Creek,540085,PROD,0.000,198.628,0.000,0.000,,,QLD,Regional - QLD,590001,2026/09/01 11:30:11
2026/08/29,RMNGPF,640011,PROD,0.000,17.060,0.000,0.000,,,QLD,Regional - QLD,590001,2026/08/30 10:56:59
2026/08/29,RNMGP,640012,PIPE,0.000,17.060,0.000,17.060,,,QLD,Regional - QLD,590001,2026/08/30 10:56:59
2026/08/29,RNP,640009,PIPE,0.000,23.024,0.000,23.024,,,QLD,Regional - QLD,590001,2026/08/30 12:01:10
2026/08/29,Rolleston,540073,PROD,0.000,9.071,0.000,0.000,,,QLD,Regional - QLD,590001,2026/08/30 12:01:07
2026/08/29,Roma,540095,PROD,0.000,233.664,0.000,0.000,,,QLD,Regional - QLD,590001,2026/08/30 10:28:43
2026/08/29,Roma North,544260,PROD,0.000,23.024,0.000,0.000,,,QLD,Regional - QLD,590001,2026/08/30 12:01:19
2026/08/29,Roma Power Station,540120,BBGPG,0.000,0.000,0.000,0.000,,,QLD,Regional - QLD,590001,2026/08/30 11:29:57
2026/08/29,Ron Goodin Power Station,580234,BBGPG,0.000,0.000,0.000,0.000,,,NT,Regional - NT,590017,2026/08/30 06:41:03
2026/08/29,RPL,540110,PIPE,0.049,0.000,0.000,0.000,,,QLD,Regional - QLD,590001,2026/08/30 11:29:57
2026/08/29,Ruby Jo,540082,PROD,0.000,424.934,0.000,0.000,,,QLD,Regional - QLD,590001,2026/08/30 10:35:39
2026/08/29,RUGS,540040,STOR,0.000,0.000,0.000,0.000,15129.558,0.000,QLD,Regional - QLD,590001,2026/08/30 10:28:43
2026/08/29,Scotia,540072,PROD,0.000,97.859,0.000,0.000,,,QLD,Regional - QLD,590001,2026/08/30 10:28:43
2026/08/29,SEPS,550061,PIPE,7.280,0.000,7.276,0.000,,,SA,Regional - SA,590013,2026/08/30 11:32:05
2026/08/29,SESA,550060,PIPE,0.000,0.000,11.964,0.000,,,VIC,Regional - VIC,590012,2026/08/30 12:47:48
2026/08/29,SESA,550060,PIPE,4.557,0.000,0.000,7.282,,,SA,Regional - SA,590013,2026/08/30 12:47:48
2026/08/29,Shoalhaven Starches Cogeneration Plant,523203,BBLARGE,22.219,0.000,0.000,0.000,,,NSW,Regional - NSW,590011,2026/08/30 12:42:12
2026/08/29,Smithfield Energy Facility,522004,BBGPG,0.000,0.000,0.000,0.000,,,NSW,Regional - NSW,590011,2026/08/30 12:07:17
2026/08/29,Snapper Point,555090,BBGPG,0.000,0.000,0.000,0.000,,,SA,Regional - SA,590013,2026/08/30 11:31:05
2026/08/29,Somerton,533174,BBGPG,6.725,0.000,0.000,0.000,,,VIC,Melbourne,590008,2026/09/01 11:00:02
2026/08/29,Spring Gully,540066,PROD,0.000,55.014,0.000,0.000,,,QLD,Regional - QLD,590001,2026/09/01 11:30:11
2026/08/29,SSP,540103,PIPE,0.000,6.300,0.000,6.300,,,QLD,Regional - QLD,590001,2026/08/30 09:20:42
2026/08/29,SSSF,540062,STOR,0.000,6.820,0.000,0.000,8490.162,0.000,QLD,Regional - QLD,590001,2026/08/30 09:20:42
2026/08/29,Strathblane,540067,PROD,0.000,47.451,0.000,0.000,,,QLD,Regional - QLD,590001,2026/09/01 11:30:11
2026/08/29,Swanbank Power Station,544104,BBGPG,0.000,0.000,0.000,0.000,,,QLD,Brisbane,590002,2026/08/30 12:47:48
2026/08/29,SWQP,540060,PIPE,0.000,0.000,242.834,212.448,,,QLD,Wallumbilla Hub,540032,2026/08/30 12:47:48
2026/08/29,SWQP,540060,PIPE,0.000,0.000,0.000,70.265,,,QLD,Ballera,540078,2026/08/30 12:47:48
2026/08/29,SWQP,540060,PIPE,0.000,178.274,90.006,61.009,,,SA,Moomba Hub,550017,2026/08/30 12:47:48
2026/08/29,SWQP,540060,PIPE,0.114,0.000,0.000,0.000,,,QLD,Regional - QLD,590001,2026/08/30 12:47:48
2026/08/29,Talinga,540076,PROD,0.000,78.085,0.000,0.000,,,QLD,Regional - QLD,590001,2026/09/01 11:30:11
2026/08/29,Tallawarra,522002,BBGPG,18.162,0.000,0.000,0.000,,,NSW,Regional - NSW,590011,2026/08/30 11:00:10
2026/08/29,Tallawarra Pipeline,523201,PIPE,18.162,0.000,18.162,0.000,,,NSW,Regional - NSW,590011,2026/08/30 11:00:10
2026/08/29,Taloona,540068,PROD,0.000,40.080,0.000,0.000,,,QLD,Regional - QLD,590001,2026/09/01 11:30:11
2026/08/29,Tanami GP,580210,PIPE,8.613,0.000,8.740,0.000,,,NT,Regional - NT,590017,2026/08/30 12:02:00
2026/08/29,TGP,570050,PIPE,0.000,0.000,95.248,33.494,,,VIC,Longford Hub,530015,2026/08/31 12:01:01
2026/08/29,TGP,570050,PIPE,40.300,0.000,0.000,0.000,,,TAS,Regional - TAS,590014,2026/08/31 12:01:01
2026/08/29,Tipton,540051,PROD,0.000,40.020,0.000,0.000,,,QLD,Regional - QLD,590001,2026/08/30 10:16:47
2026/08/29,Torrens Island PS,555041,BBGPG,23.036,0.000,0.000,0.000,,,SA,Regional - SA,590013,2026/08/30 11:31:05
2026/08/29,Uranquinty Power Station,522047,BBGPG,0.000,0.000,0.000,0.000,,,NSW,Regional - NSW,590011,2026/08/30 12:47:48
2026/08/29,Valley Power GPG,535024,BBGPG,0.031,0.000,0.000,0.000,,,VIC,Gippsland,590009,2026/08/30 11:00:45
2026/08/29,VicHub,532005,PIPE,0.000,0.000,23.666,23.666,,,VIC,Longford Hub,530015,2026/08/30 12:01:23
2026/08/29,Viva Energy Refinery,535018,BBLARGE,11.607,0.000,0.000,0.000,,,VIC,Geelong,590005,2026/08/30 07:30:14
2026/08/29,VTS,530110,PIPE,0.000,403.707,57.174,0.000,,,VIC,Longford Hub,530015,2026/09/01 11:00:02
2026/08/29,VTS,530110,PIPE,2.730,36.928,111.375,0.000,,,VIC,Iona Hub,530016,2026/09/01 11:00:02
2026/08/29,VTS,530110,PIPE,11.204,0.000,0.000,0.000,,,VIC,Western,590004,2026/09/01 11:00:02
2026/08/29,VTS,530110,PIPE,54.621,0.000,0.000,0.000,,,VIC,Geelong,590005,2026/09/01 11:00:02
2026/08/29,VTS,530110,PIPE,31.907,0.000,0.000,0.000,,,VIC,Ballarat,590006,2026/09/01 11:00:02
2026/08/29,VTS,530110,PIPE,48.781,0.000,0.000,0.000,,,VIC,Northern,590007,2026/09/01 11:00:02
2026/08/29,VTS,530110,PIPE,311.866,0.104,0.000,0.000,,,VIC,Melbourne,590008,2026/09/01 11:00:02
2026/08/29,VTS,530110,PIPE,36.684,0.000,17.303,0.000,,,VIC,Gippsland,590009,2026/09/01 11:00:02
2026/08/29,VTS,530110,PIPE,0.000,0.000,0.000,142.859,,,NSW,Culcairn,590016,2026/09/01 11:00:02
2026/08/29,Wallumbilla Compression Station,544280,COMPRESSOR,0.000,0.000,0.000,0.000,,,QLD,Wallumbilla Hub,540032,2026/08/30 10:28:07
2026/08/29,WCFA,540045,COMPRESSOR,0.000,0.000,76.004,76.004,,,QLD,Wallumbilla Hub,540032,2026/08/30 12:47:48
2026/08/29,WCFB,540046,COMPRESSOR,0.000,0.000,136.444,136.444,,,QLD,Wallumbilla Hub,540032,2026/08/30 12:47:48
2026/08/29,Weddell Power Station,580232,BBGPG,10.847,0.000,0.000,0.000,,,NT,Darwin,580001,2026/08/30 12:47:48
2026/08/29,WGP,540091,PIPE,1480.135,0.000,0.000,0.000,,,QLD,Curtis Island,540030,2026/08/30 10:35:39
2026/08/29,WGP,540091,PIPE,0.000,1424.074,59.706,0.000,,,QLD,Regional - QLD,590001,2026/08/30 10:35:39
2026/08/29,Whyalla Steelworks,555085,BBLARGE,6.130,0.000,0.000,0.000,,,SA,Regional - SA,590013,2026/08/30 11:31:05
2026/08/29,Windibri,540069,PROD,0.000,94.303,0.000,0.000,,,QLD,Regional - QLD,590001,2026/08/30 10:35:39
2026/08/29,Woleebee Creek,540087,PROD,0.000,642.906,0.000,0.000,,,QLD,Regional - QLD,590001,2026/08/30 10:35:39
2026/08/29,WPP,580030,PIPE,10.847,25.147,0.000,14.296,,,NT,Darwin,580001,2026/08/30 12:47:48
2026/08/29,Yarwun,544282,BBGPG,50.217,0.000,0.000,0.000,,,QLD,Regional - QLD,590001,2026/08/30 12:01:07
2026/08/29,Yelcherr,580180,PROD,0.000,0.000,0.000,0.000,,,NT,Regional - NT,590017,2026/08/30 12:47:48
2026/08/29,Yellowbank,540074,PROD,0.000,11.472,0.000,0.000,,,QLD,Regional - QLD,590001,2026/08/30 12:01:07
2026/08/30,Adelaide Brighton,555091,BBLARGE,9.062,0.000,0.000,0.000,,,SA,Adelaide,550016,2026/08/31 13:00:01
2026/08/30,AGP,580010,PIPE,20.786,0.000,15.737,0.000,,,NT,Darwin,580001,2026/08/31 12:47:48
2026/08/30,AGP,580010,PIPE,7.744,31.584,0.000,18.871,,,NT,Regional - NT,590017,2026/08/31 12:47:48
2026/08/30,APLNG Pipeline,540093,PIPE,1664.164,0.000,0.000,0.000,,,QLD,Curtis Island,540030,2026/09/01 11:30:11
2026/08/30,APLNG Pipeline,540093,PIPE,0.000,1340.268,520.765,195.295,,,QLD,Regional - QLD,590001,2026/09/01 11:30:11
2026/08/30,Arcadia,540101,PROD,0.000,91.679,0.000,0.000,,,QLD,Regional - QLD,590001,2026/08/31 11:13:18
2026/08/30,ATGP,640013,PIPE,0.000,43.393,0.000,43.393,,,QLD,Regional - QLD,590001,2026/08/31 12:01:11
2026/08/30,ATHENA,535014,PROD,0.000,15.925,0.000,0.000,,,VIC,Iona Hub,530016,2026/09/01 10:28:17
2026/08/30,Atlas,544261,PROD,0.000,43.393,0.000,0.000,,,QLD,Regional - QLD,590001,2026/08/31 12:01:16
2026/08/30,Atlas East Central Processing Facility,640008,PROD,0.000,33.000,0.000,0.000,,,QLD,Regional - QLD,590001,2026/08/31 09:37:53
2026/08/30,Atlas to Reedy Creek Pipeline,640007,PIPE,0.000,33.003,0.000,32.498,,,QLD,Regional - QLD,590001,2026/08/31 12:47:48
2026/08/30,Australia Pacific LNG,544273,LNGEXPORT,1664.173,0.000,0.000,0.000,,,QLD,Curtis Island,540030,2026/08/31 12:00:25
2026/08/30,Australian Paper (Opal),535021,BBLARGE,11.925,0.000,0.000,0.000,,,VIC,Gippsland,590009,2026/09/01 11:00:02
2026/08/30,B1PL,540077,PIPE,0.037,40.964,0.000,37.202,,,QLD,Regional - QLD,590001,2026/08/31 11:00:55
2026/08/30,B2PL,540071,PIPE,0.000,54.667,3.011,60.692,,,QLD,Regional - QLD,590001,2026/08/31 10:21:42
2026/08/30,Bairnsdale Power Station,535020,BBGPG,0.000,0.000,0.000,0.000,,,VIC,Regional - VIC,590012,2026/08/31 11:00:53
2026/08/30,BCF,540047,COMPRESSOR,0.000,0.000,74.600,74.600,,,QLD,Regional - QLD,590001,2026/09/02 10:00:01
2026/08/30,Bell Bay CCGT,577016,BBGPG,27.001,0.000,0.000,0.000,,,TAS,Regional - TAS,590014,2026/09/01 12:01:00
2026/08/30,Bell Bay GGT,577014,BBGPG,0.000,0.000,0.000,0.000,,,TAS,Regional - TAS,590014,2026/09/01 12:01:00
2026/08/30,Bell Bay OCGT,577015,BBGPG,0.000,0.000,0.000,0.000,,,TAS,Regional - TAS,590014,2026/09/01 12:01:00
2026/08/30,Bellevue,540083,PROD,0.000,179.718,0.000,0.000,,,QLD,Regional - QLD,590001,2026/08/31 10:36:09
2026/08/30,BGP,580020,PIPE,0.309,0.000,0.000,0.000,,,NT,Regional - NT,590017,2026/08/31 12:47:48
2026/08/30,BlueScope,523204,BBLARGE,9.382,0.000,0.000,0.000,,,NSW,Sydney,520008,2026/08/31 12:01:05
2026/08/30,Bolivar,555008,BBGPG,0.000,0.000,0.000,0.000,,,SA,Regional - SA,590013,2026/08/31 12:06:28
2026/08/30,Bomaderry Gas Pipeline,523202,PIPE,23.255,0.000,23.255,0.000,,,NSW,Regional - NSW,590011,2026/08/31 15:01:52
2026/08/30,BPP,530030,PIPE,2.310,20.040,0.000,17.730,,,VIC,Gippsland,590009,2026/09/01 11:00:02
2026/08/30,Braemar 2 Power Station,544085,BBGPG,0.000,0.000,0.000,0.000,,,QLD,Regional - QLD,590001,2026/08/31 10:21:42
2026/08/30,Braemar Power Station,544252,BBGPG,0.037,0.000,0.000,0.000,,,QLD,Regional - QLD,590001,2026/08/31 11:00:55
2026/08/30,BWP,540096,PIPE,0.000,0.000,0.000,26.398,,,QLD,Wallumbilla Hub,540032,2026/08/31 12:47:48
2026/08/30,BWP,540096,PIPE,0.000,26.844,0.000,0.000,,,QLD,Regional - QLD,590001,2026/08/31 12:47:48
2026/08/30,CGP,540059,PIPE,0.000,0.000,74.608,0.000,,,QLD,Ballera,540078,2026/08/31 12:47:48
2026/08/30,CGP,540059,PIPE,69.899,0.000,0.000,0.000,,,QLD,Regional - QLD,590001,2026/08/31 12:47:48
2026/08/30,Channel Island Power Station,580231,BBGPG,20.786,0.000,0.000,0.000,,,NT,Darwin,580001,2026/08/31 12:47:48
2026/08/30,Colongra,523120,BBGPG,0.000,0.000,0.000,0.000,,,NSW,Regional - NSW,590011,2026/08/31 12:00:05
2026/08/30,ColongraGP,520090,PIPE,0.000,0.000,0.000,0.000,,,NSW,Sydney,520008,2026/08/31 12:00:05
2026/08/30,ColongraGP,520090,PIPE,0.000,0.000,0.000,0.000,,,NSW,Regional - NSW,590011,2026/08/31 12:00:05
2026/08/30,Combabula,540094,PROD,0.000,291.317,0.000,0.000,,,QLD,Regional - QLD,590001,2026/09/01 11:30:11
2026/08/30,Condabri Central,540080,PROD,0.000,138.162,0.000,0.000,,,QLD,Regional - QLD,590001,2026/09/01 11:30:11
2026/08/30,Condabri North,540090,PROD,0.000,161.833,0.000,0.000,,,QLD,Regional - QLD,590001,2026/09/01 11:30:11
2026/08/30,Condabri South,540086,PROD,0.000,157.079,0.000,0.000,,,QLD,Regional - QLD,590001,2026/09/01 11:30:11
2026/08/30,Condamine Power Station,544274,BBGPG,0.002,0.000,0.000,0.000,,,QLD,Regional - QLD,590001,2026/08/31 10:35:51
2026/08/30,CRWP,540098,PIPE,0.000,0.000,270.023,0.000,,,QLD,Wallumbilla Hub,540032,2026/08/31 11:13:07
2026/08/30,CRWP,540098,PIPE,0.000,229.236,39.916,547.413,,,QLD,Regional - QLD,590001,2026/08/31 11:13:07
2026/08/30,CWP,520054,PIPE,3.302,0.000,3.358,0.000,,,NSW,Regional - NSW,590011,2026/08/31 12:47:48
2026/08/30,Daandine,540050,PROD,0.000,54.667,0.000,0.000,,,QLD,Regional - QLD,590001,2026/08/31 10:21:46
2026/08/30,Dandenong LNG,530038,STOR,0.000,0.266,0.000,0.000,605.522,27.889,VIC,Melbourne,590008,2026/08/31 12:47:48
2026/08/30,DDP,540097,PIPE,0.000,0.000,0.000,214.760,,,QLD,Wallumbilla Hub,540032,2026/08/31 12:01:10
2026/08/30,DDP,540097,PIPE,0.002,560.376,143.318,493.556,,,QLD,Regional - QLD,590001,2026/08/31 12:01:10
2026/08/30,DDPS,544027,BBGPG,0.002,0.000,0.000,0.000,,,QLD,Regional - QLD,590001,2026/08/31 12:01:10
2026/08/30,Diamantina Power Station,544077,BBGPG,37.084,0.000,0.000,0.000,,,QLD,Regional - QLD,590001,2026/08/31 12:47:48
2026/08/30,Dry Creek Power Station,555026,BBGPG,0.000,0.000,0.000,0.000,,,SA,Regional - SA,590013,2026/08/31 11:31:05
2026/08/30,EGP,520047,PIPE,109.864,0.000,0.000,0.000,,,NSW,Sydney,520008,2026/08/31 12:01:05
2026/08/30,EGP,520047,PIPE,9.988,0.000,0.000,0.000,,,NSW,Canberra,520009,2026/08/31 12:01:05
2026/08/30,EGP,520047,PIPE,0.000,210.788,0.000,89.535,,,VIC,Longford Hub,530015,2026/08/31 12:01:05
2026/08/30,EGP,520047,PIPE,28.940,0.000,0.000,23.255,,,NSW,Regional - NSW,590011,2026/08/31 12:01:05
2026/08/30,EGP,520047,PIPE,0.711,69.333,0.000,0.000,,,VIC,Regional - VIC,590012,2026/08/31 12:01:05
2026/08/30,EO4PL,540055,PIPE,0.000,0.000,0.000,0.000,,,QLD,Regional - QLD,590001,2026/08/31 10:36:09
2026/08/30,Eurombah Creek,540089,PROD,0.000,145.087,0.000,0.000,,,QLD,Regional - QLD,590001,2026/09/01 11:30:11
2026/08/30,Fairview,540070,PROD,0.000,285.668,0.000,0.000,,,QLD,Regional - QLD,590001,2026/08/31 11:13:18
2026/08/30,GLNG (Curtis Island),544276,LNGEXPORT,1022.733,0.000,0.000,0.000,,,QLD,Curtis Island,540030,2026/08/31 11:13:07
2026/08/30,GLNG Pipeline,540092,PIPE,1022.733,0.000,0.000,0.000,,,QLD,Curtis Island,540030,2026/08/31 11:13:07
2026/08/30,GLNG Pipeline,540092,PIPE,0.000,420.993,562.765,0.000,,,QLD,Regional - QLD,590001,2026/08/31 10:36:09
2026/08/30,Hallett,555029,BBGPG,0.000,0.000,0.000,0.000,,,SA,Regional - SA,590013,2026/08/31 11:31:05
2026/08/30,Hunter Power Station,523210,BBGPG,0.002,0.000,0.000,0.000,,,NSW,Sydney,520008,2026/08/31 12:47:48
2026/08/30,ICF,530071,COMPRESSOR,0.000,0.000,9.700,9.700,,,VIC,Iona Hub,530016,2026/08/31 08:35:03
2026/08/30,Iona UGS,530042,STOR,46.414,64.791,0.000,0.000,12973.242,0.000,VIC,Iona Hub,530016,2026/08/31 08:30:03
2026/08/30,Jeerelang,533161,BBGPG,0.000,0.000,0.000,0.000,,,VIC,Gippsland,590009,2026/09/01 11:00:02
2026/08/30,Jordan,540088,PROD,0.000,282.346,0.000,0.000,,,QLD,Regional - QLD,590001,2026/08/31 10:36:09
2026/08/30,Katherine Power Station,580233,BBGPG,0.449,0.000,0.000,0.000,,,NT,Regional - NT,590017,2026/08/31 12:47:48
2026/08/30,Kenya,540075,PROD,0.000,127.303,0.000,0.000,,,QLD,Regional - QLD,590001,2026/08/31 10:36:09
2026/08/30,Kincora,544253,PROD,0.000,4.000,0.000,0.000,,,QLD,Regional - QLD,590001,2026/08/31 12:47:48
2026/08/30,KKLP,523209,PIPE,0.002,0.000,0.000,0.000,,,NSW,Sydney,520008,2026/08/31 12:47:48
2026/08/30,Kogan North,540061,PROD,0.000,4.313,0.000,0.000,,,QLD,Regional - QLD,590001,2026/08/31 12:47:48
2026/08/30,Ladbroke Grove PS,555086,BBGPG,4.379,0.000,0.000,0.000,,,SA,Regional - SA,590013,2026/08/31 12:47:48
2026/08/30,Lang Lang,530039,PROD,0.000,20.040,0.000,0.000,,,VIC,Gippsland,590009,2026/08/31 09:55:43
2026/08/30,Laverton,533201,BBGPG,0.000,0.000,0.000,0.000,,,VIC,Geelong,590005,2026/09/01 11:00:02
2026/08/30,Longford,530040,PROD,0.000,634.351,0.000,0.000,,,VIC,Longford Hub,530015,2026/08/31 08:14:12
2026/08/30,Loy Yang B,533163,BBGPG,0.000,0.000,0.000,0.000,,,VIC,Gippsland,590009,2026/08/31 11:00:54
2026/08/30,LYB Transmission Pipeline,535023,PIPE,0.036,0.000,0.022,0.000,,,VIC,Gippsland,590009,2026/08/31 11:00:54
2026/08/30,MAPS,550054,PIPE,20.139,0.000,0.000,0.000,,,SA,Adelaide,550016,2026/08/31 11:31:05
2026/08/30,MAPS,550054,PIPE,0.000,40.767,68.394,0.000,,,SA,Moomba Hub,550017,2026/08/31 11:31:05
2026/08/30,MAPS,550054,PIPE,94.217,0.000,15.000,0.000,,,SA,Regional - SA,590013,2026/08/31 11:31:05
2026/08/30,McArthur River Mine,580220,BBGPG,9.430,0.000,0.000,0.000,,,NT,Regional - NT,590017,2026/08/31 09:06:18
2026/08/30,MCF,550050,COMPRESSOR,0.000,0.000,50.649,50.649,,,SA,Moomba Hub,550017,2026/08/31 12:47:48
2026/08/30,Mereenie,580040,PROD,0.000,25.936,0.000,0.000,,,NT,Regional - NT,590017,2026/08/31 11:35:03
2026/08/30,Meridian,540064,PROD,0.000,47.896,0.000,0.000,,,QLD,Regional - QLD,590001,2026/08/31 09:38:51
2026/08/30,Mintaro Power Station,555031,BBGPG,0.000,0.000,0.000,0.000,,,SA,Regional - SA,590013,2026/08/31 11:31:05
2026/08/30,Moomba,550045,PROD,0.000,214.700,0.000,0.000,,,SA,Moomba Hub,550017,2026/09/02 10:00:01
2026/08/30,Moomba Storage,550046,STOR,0.000,0.000,0.000,0.000,6299.600,0.000,SA,Moomba Hub,550017,2026/09/02 10:00:01
2026/08/30,Mortlake PS,530063,BBGPG,14.873,0.000,0.000,0.000,,,VIC,Regional - VIC,590012,2026/08/31 07:20:00
2026/08/30,MPL,530061,PIPE,0.000,0.000,9.612,0.000,,,VIC,Iona Hub,530016,2026/08/31 07:20:00
2026/08/30,MPL,530061,PIPE,14.873,0.000,0.000,0.000,,,VIC,Regional - VIC,590012,2026/08/31 07:20:00
2026/08/30,MRP,580100,PIPE,9.430,0.000,9.431,0.000,,,NT,Regional - NT,590017,2026/08/31 09:06:18
2026/08/30,MSP,520053,PIPE,108.083,0.000,0.000,0.000,,,NSW,Sydney,520008,2026/08/31 12:47:48
2026/08/30,MSP,520053,PIPE,0.000,0.000,62.910,4.933,,,SA,Moomba Hub,550017,2026/08/31 12:47:48
2026/08/30,MSP,520053,PIPE,28.488,0.000,0.000,3.358,,,NSW,Regional - NSW,590011,2026/08/31 12:47:48
2026/08/30,MSP,520053,PIPE,9.403,0.000,0.000,0.000,,,NSW,Regional - ACT,590015,2026/08/31 12:47:48
2026/08/30,MSP,520053,PIPE,0.000,0.000,160.145,0.000,,,NSW,Culcairn,590016,2026/08/31 12:47:48
2026/08/30,Newport,533171,BBGPG,0.003,0.000,0.000,0.000,,,VIC,Melbourne,590008,2026/09/01 11:00:02
2026/08/30,NGP,580050,PIPE,0.000,0.000,0.000,0.000,,,QLD,Regional - QLD,590001,2026/08/31 12:01:13
2026/08/30,NGP,580050,PIPE,0.000,0.000,0.000,0.000,,,NT,Regional - NT,590017,2026/08/31 12:01:13
2026/08/30,NGS,520060,STOR,0.130,0.522,0.000,0.000,667.399,76.828,NSW,Sydney,520008,2026/08/31 09:16:31
2026/08/30,Oakey PS,544095,BBGPG,0.000,0.000,0.000,0.000,,,QLD,Regional - QLD,590001,2026/08/31 12:47:48
2026/08/30,Orana,540084,PROD,0.000,166.610,0.000,0.000,,,QLD,Regional - QLD,590001,2026/09/01 11:30:11
2026/08/30,Orbost,530041,PROD,0.000,69.333,0.000,0.000,,,VIC,Regional - VIC,590012,2026/08/31 12:01:05
2026/08/30,Orica,544011,BBLARGE,9.610,0.000,0.000,0.000,,,QLD,Regional - QLD,590001,2026/08/31 12:01:08
2026/08/30,Orica (Kooragang Island),523206,BBLARGE,38.870,0.000,0.000,0.000,,,NSW,Sydney,520008,2026/08/31 13:00:00
2026/08/30,Osborne,555033,BBGPG,20.737,0.000,0.000,0.000,,,SA,Regional - SA,590013,2026/08/31 11:31:05
2026/08/30,Otway,530044,PROD,0.000,175.071,0.000,0.000,,,VIC,Iona Hub,530016,2026/08/31 13:07:31
2026/08/30,Owen Springs Power Station,580235,BBGPG,0.173,0.000,0.000,0.000,,,NT,Regional - NT,590017,2026/08/31 06:41:02
2026/08/30,Palm Valley,580060,PROD,0.000,5.648,0.000,0.000,,,NT,Regional - NT,590017,2026/08/31 11:35:03
2026/08/30,PCA,550052,PIPE,0.000,14.941,52.358,2.074,,,VIC,Iona Hub,530016,2026/08/31 07:20:01
2026/08/30,PCA,550052,PIPE,30.041,0.000,0.000,0.000,,,SA,Adelaide,550016,2026/08/31 07:20:01
2026/08/30,PCA,550052,PIPE,0.000,0.000,0.000,11.972,,,VIC,Regional - VIC,590012,2026/08/31 07:20:01
2026/08/30,PCA,550052,PIPE,0.294,0.000,0.000,15.007,,,SA,Regional - SA,590013,2026/08/31 07:20:01
2026/08/30,PCI,530060,PIPE,0.000,185.755,2.074,187.829,,,VIC,Iona Hub,530016,2026/08/31 07:20:01
2026/08/30,Peat,540065,PROD,0.000,11.373,0.000,0.000,,,QLD,Regional - QLD,590001,2026/09/01 11:30:11
2026/08/30,Pelican Point Power Station,555089,BBGPG,24.528,0.000,0.000,0.000,,,SA,Regional - SA,590013,2026/08/31 07:20:01
2026/08/30,Phosphate Hill,544081,BBLARGE,22.900,0.000,0.000,0.000,,,QLD,Regional - QLD,590001,2026/08/31 12:47:48
2026/08/30,Pipeline Compression Station,544279,COMPRESSOR,0.000,0.000,0.000,0.000,,,QLD,Regional - QLD,590001,2026/08/31 11:13:07
2026/08/30,PVP,580070,PIPE,0.635,0.000,0.700,0.000,,,NT,Regional - NT,590017,2026/08/31 06:41:02
2026/08/30,QCLNG LNG Plant,544272,LNGEXPORT,1463.292,0.000,0.000,0.000,,,QLD,Curtis Island,540030,2026/08/31 10:36:09
2026/08/30,QGP,540058,PIPE,0.000,0.000,0.000,0.000,,,QLD,Wallumbilla Hub,540032,2026/08/31 12:01:08
2026/08/30,QGP,540058,PIPE,99.117,25.030,79.886,5.784,,,QLD,Regional - QLD,590001,2026/08/31 12:01:08
2026/08/30,Quarantine Power Station,555087,BBGPG,0.000,0.000,0.000,0.000,,,SA,Regional - SA,590013,2026/08/31 11:31:05
2026/08/30,Queensland Aluminia,544012,BBLARGE,25.993,0.000,0.000,0.000,,,QLD,Regional - QLD,590001,2026/08/31 12:01:08
2026/08/30,RBP,540057,PIPE,0.000,0.000,0.000,30.244,,,QLD,Wallumbilla Hub,540032,2026/08/31 12:47:48
2026/08/30,RBP,540057,PIPE,2.259,21.891,43.502,3.011,,,QLD,Regional - QLD,590001,2026/08/31 12:47:48
2026/08/30,RBP,540057,PIPE,37.524,0.000,0.000,0.000,,,QLD,Brisbane,590002,2026/08/31 12:47:48
2026/08/30,RCWP,540102,PIPE,0.000,0.000,0.000,5.803,,,QLD,Wallumbilla Hub,540032,2026/08/31 12:47:48
2026/08/30,RCWP,540102,PIPE,0.000,0.000,32.498,27.266,,,QLD,Regional - QLD,590001,2026/08/31 12:47:48
2026/08/30,Reedy Creek,540085,PROD,0.000,198.665,0.000,0.000,,,QLD,Regional - QLD,590001,2026/09/01 11:30:11
2026/08/30,RMNGPF,640011,PROD,0.000,16.770,0.000,0.000,,,QLD,Regional - QLD,590001,2026/08/31 09:37:38
2026/08/30,RNMGP,640012,PIPE,0.000,16.770,0.000,16.770,,,QLD,Regional - QLD,590001,2026/08/31 09:37:38
2026/08/30,RNP,640009,PIPE,0.000,23.146,0.000,23.146,,,QLD,Regional - QLD,590001,2026/08/31 12:01:09
2026/08/30,Rolleston,540073,PROD,0.000,8.840,0.000,0.000,,,QLD,Regional - QLD,590001,2026/08/31 12:01:08
2026/08/30,Roma,540095,PROD,0.000,229.236,0.000,0.000,,,QLD,Regional - QLD,590001,2026/08/31 11:13:22
2026/08/30,Roma North,544260,PROD,0.000,23.146,0.000,0.000,,,QLD,Regional - QLD,590001,2026/08/31 12:01:15
2026/08/30,Roma Power Station,540120,BBGPG,0.000,0.000,0.000,0.000,,,QLD,Regional - QLD,590001,2026/08/31 12:05:58
2026/08/30,Ron Goodin Power Station,580234,BBGPG,0.000,0.000,0.000,0.000,,,NT,Regional - NT,590017,2026/08/31 06:41:02
2026/08/30,RPL,540110,PIPE,0.047,0.000,0.000,0.000,,,QLD,Regional - QLD,590001,2026/08/31 12:05:58
2026/08/30,Ruby Jo,540082,PROD,0.000,424.731,0.000,0.000,,,QLD,Regional - QLD,590001,2026/08/31 10:36:09
2026/08/30,RUGS,540040,STOR,1.308,1.200,0.000,0.000,15129.653,0.000,QLD,Regional - QLD,590001,2026/08/31 11:13:22
2026/08/30,Scotia,540072,PROD,0.000,98.106,0.000,0.000,,,QLD,Regional - QLD,590001,2026/08/31 11:13:22
2026/08/30,SEPS,550061,PIPE,7.221,0.000,7.262,0.000,,,SA,Regional - SA,590013,2026/08/31 11:32:05
2026/08/30,SESA,550060,PIPE,0.000,0.000,11.971,0.000,,,VIC,Regional - VIC,590012,2026/08/31 12:47:48
2026/08/30,SESA,550060,PIPE,4.379,0.000,0.000,7.267,,,SA,Regional - SA,590013,2026/08/31 12:47:48
2026/08/30,Shoalhaven Starches Cogeneration Plant,523203,BBLARGE,23.255,0.000,0.000,0.000,,,NSW,Regional - NSW,590011,2026/08/31 15:01:52
2026/08/30,Smithfield Energy Facility,522004,BBGPG,0.000,0.000,0.000,0.000,,,NSW,Regional - NSW,590011,2026/08/31 12:06:29
2026/08/30,Snapper Point,555090,BBGPG,0.000,0.000,0.000,0.000,,,SA,Regional - SA,590013,2026/08/31 11:31:05
2026/08/30,Somerton,533174,BBGPG,6.111,0.000,0.000,0.000,,,VIC,Melbourne,590008,2026/09/01 11:00:02
2026/08/30,Spring Gully,540066,PROD,0.000,54.999,0.000,0.000,,,QLD,Regional - QLD,590001,2026/09/01 11:30:11
2026/08/30,SSP,540103,PIPE,0.000,6.300,0.000,6.300,,,QLD,Regional - QLD,590001,2026/08/31 11:26:36
2026/08/30,SSSF,540062,STOR,0.000,7.470,0.000,0.000,8482.692,0.000,QLD,Regional - QLD,590001,2026/08/31 11:26:36
2026/08/30,Strathblane,540067,PROD,0.000,47.250,0.000,0.000,,,QLD,Regional - QLD,590001,2026/09/01 11:30:11
2026/08/30,Swanbank Power Station,544104,BBGPG,0.000,0.000,0.000,0.000,,,QLD,Brisbane,590002,2026/08/31 12:47:48
2026/08/30,SWQP,540060,PIPE,0.000,0.000,282.989,270.023,,,QLD,Wallumbilla Hub,540032,2026/08/31 12:47:48
2026/08/30,SWQP,540060,PIPE,0.000,0.000,0.000,79.517,,,QLD,Ballera,540078,2026/08/31 12:47:48
2026/08/30,SWQP,540060,PIPE,0.000,177.020,4.552,130.923,,,SA,Moomba Hub,550017,2026/08/31 12:47:48
2026/08/30,SWQP,540060,PIPE,0.054,0.000,0.000,0.000,,,QLD,Regional - QLD,590001,2026/08/31 12:47:48
2026/08/30,Talinga,540076,PROD,0.000,78.367,0.000,0.000,,,QLD,Regional - QLD,590001,2026/09/01 11:30:11
2026/08/30,Tallawarra,522002,BBGPG,23.800,0.000,0.000,0.000,,,NSW,Regional - NSW,590011,2026/08/31 11:00:04
2026/08/30,Tallawarra Pipeline,523201,PIPE,23.800,0.000,23.800,0.000,,,NSW,Regional - NSW,590011,2026/08/31 11:00:04
2026/08/30,Taloona,540068,PROD,0.000,39.926,0.000,0.000,,,QLD,Regional - QLD,590001,2026/09/01 11:30:11
2026/08/30,Tanami GP,580210,PIPE,8.814,0.000,8.740,0.000,,,NT,Regional - NT,590017,2026/08/31 12:02:00
2026/08/30,TGP,570050,PIPE,0.000,0.000,82.896,47.500,,,VIC,Longford Hub,530015,2026/09/01 12:01:00
2026/08/30,TGP,570050,PIPE,40.627,0.000,0.000,0.000,,,TAS,Regional - TAS,590014,2026/09/01 12:01:00
2026/08/30,Tipton,540051,PROD,0.000,40.965,0.000,0.000,,,QLD,Regional - QLD,590001,2026/08/31 10:21:45
2026/08/30,Torrens Island PS,555041,BBGPG,25.376,0.000,0.000,0.000,,,SA,Regional - SA,590013,2026/08/31 11:31:05
2026/08/30,Uranquinty Power Station,522047,BBGPG,0.000,0.000,0.000,0.000,,,NSW,Regional - NSW,590011,2026/08/31 12:47:48
2026/08/30,Valley Power GPG,535024,BBGPG,0.036,0.000,0.000,0.000,,,VIC,Gippsland,590009,2026/08/31 11:00:54
2026/08/30,VicHub,532005,PIPE,0.000,0.000,6.639,6.639,,,VIC,Longford Hub,530015,2026/08/31 12:01:17
2026/08/30,Viva Energy Refinery,535018,BBLARGE,9.621,0.000,0.000,0.000,,,VIC,Geelong,590005,2026/08/31 07:30:18
2026/08/30,VTS,530110,PIPE,0.000,421.703,54.155,0.002,,,VIC,Longford Hub,530015,2026/09/01 11:00:02
2026/08/30,VTS,530110,PIPE,11.112,19.871,125.860,0.000,,,VIC,Iona Hub,530016,2026/09/01 11:00:02
2026/08/30,VTS,530110,PIPE,10.637,0.000,0.000,0.000,,,VIC,Western,590004,2026/09/01 11:00:02
2026/08/30,VTS,530110,PIPE,48.475,0.000,0.000,0.000,,,VIC,Geelong,590005,2026/09/01 11:00:02
2026/08/30,VTS,530110,PIPE,30.198,0.000,0.000,0.000,,,VIC,Ballarat,590006,2026/09/01 11:00:02
2026/08/30,VTS,530110,PIPE,45.215,0.000,0.000,0.000,,,VIC,Northern,590007,2026/09/01 11:00:02
2026/08/30,VTS,530110,PIPE,299.893,0.155,0.000,0.000,,,VIC,Melbourne,590008,2026/09/01 11:00:02
2026/08/30,VTS,530110,PIPE,33.563,0.000,17.730,0.022,,,VIC,Gippsland,590009,2026/09/01 11:00:02
2026/08/30,VTS,530110,PIPE,0.000,0.000,0.000,160.144,,,NSW,Culcairn,590016,2026/09/01 11:00:02
2026/08/30,Wallumbilla Compression Station,544280,COMPRESSOR,0.000,0.000,0.000,0.000,,,QLD,Wallumbilla Hub,540032,2026/08/31 11:13:07
2026/08/30,WCFA,540045,COMPRESSOR,0.000,0.000,98.075,98.075,,,QLD,Wallumbilla Hub,540032,2026/08/31 12:47:48
2026/08/30,WCFB,540046,COMPRESSOR,0.000,0.000,171.948,171.948,,,QLD,Wallumbilla Hub,540032,2026/08/31 12:47:48
2026/08/30,Weddell Power Station,580232,BBGPG,10.497,0.000,0.000,0.000,,,NT,Darwin,580001,2026/08/31 12:47:48
2026/08/30,WGP,540091,PIPE,1463.292,0.000,0.000,0.000,,,QLD,Curtis Island,540030,2026/08/31 10:36:09
2026/08/30,WGP,540091,PIPE,0.000,1401.424,60.693,0.000,,,QLD,Regional - QLD,590001,2026/08/31 10:36:09
2026/08/30,Whyalla Steelworks,555085,BBLARGE,6.066,0.000,0.000,0.000,,,SA,Regional - SA,590013,2026/08/31 11:31:05
2026/08/30,Windibri,540069,PROD,0.000,99.871,0.000,0.000,,,QLD,Regional - QLD,590001,2026/08/31 10:36:09
2026/08/30,Woleebee Creek,540087,PROD,0.000,642.445,0.000,0.000,,,QLD,Regional - QLD,590001,2026/08/31 10:36:09
2026/08/30,WPP,580030,PIPE,10.497,26.396,0.000,15.737,,,NT,Darwin,580001,2026/08/31 12:47:48
2026/08/30,Yarwun,544282,BBGPG,49.343,0.000,0.000,0.000,,,QLD,Regional - QLD,590001,2026/08/31 12:01:08
2026/08/30,Yelcherr,580180,PROD,0.000,0.000,0.000,0.000,,,NT,Regional - NT,590017,2026/08/31 12:47:48
2026/08/30,Yellowbank,540074,PROD,0.000,11.940,0.000,0.000,,,QLD,Regional - QLD,590001,2026/08/31 12:01:08
2026/08/31,Adelaide Brighton,555091,BBLARGE,8.990,0.000,0.000,0.000,,,SA,Adelaide,550016,2026/09/01 13:00:01
2026/08/31,AGP,580010,PIPE,20.668,0.000,16.994,0.000,,,NT,Darwin,580001,2026/09/01 12:46:48
2026/08/31,AGP,580010,PIPE,7.376,31.668,0.000,22.373,,,NT,Regional - NT,590017,2026/09/01 12:46:48
2026/08/31,APLNG Pipeline,540093,PIPE,1666.953,0.000,0.000,0.000,,,QLD,Curtis Island,540030,2026/09/01 11:30:11
2026/08/31,APLNG Pipeline,540093,PIPE,0.000,1343.748,485.173,157.586,,,QLD,Regional - QLD,590001,2026/09/01 11:30:11
2026/08/31,Arcadia,540101,PROD,0.000,91.185,0.000,0.000,,,QLD,Regional - QLD,590001,2026/09/01 13:13:17
2026/08/31,ATGP,640013,PIPE,0.000,43.375,0.000,43.375,,,QLD,Regional - QLD,590001,2026/09/01 12:01:13
2026/08/31,ATHENA,535014,PROD,0.000,16.349,0.000,0.000,,,VIC,Iona Hub,530016,2026/09/01 10:28:17
2026/08/31,Atlas,544261,PROD,0.000,43.375,0.000,0.000,,,QLD,Regional - QLD,590001,2026/09/01 12:01:18
2026/08/31,Atlas East Central Processing Facility,640008,PROD,0.000,33.000,0.000,0.000,,,QLD,Regional - QLD,590001,2026/09/01 10:28:58
2026/08/31,Atlas to Reedy Creek Pipeline,640007,PIPE,0.000,33.003,0.000,36.964,,,QLD,Regional - QLD,590001,2026/09/01 12:46:48
2026/08/31,Australia Pacific LNG,544273,LNGEXPORT,1666.953,0.000,0.000,0.000,,,QLD,Curtis Island,540030,2026/09/01 12:00:25
2026/08/31,Australian Paper (Opal),535021,BBLARGE,11.983,0.000,0.000,0.000,,,VIC,Gippsland,590009,2026/09/01 11:00:02
2026/08/31,B1PL,540077,PIPE,0.035,41.089,0.000,42.484,,,QLD,Regional - QLD,590001,2026/09/01 11:00:53
2026/08/31,B2PL,540071,PIPE,0.000,54.816,4.017,60.668,,,QLD,Regional - QLD,590001,2026/09/01 12:30:01
2026/08/31,Bairnsdale Power Station,535020,BBGPG,0.000,0.000,0.000,0.000,,,VIC,Regional - VIC,590012,2026/09/01 11:00:51
2026/08/31,BCF,540047,COMPRESSOR,0.000,0.000,71.800,71.800,,,QLD,Regional - QLD,590001,2026/09/02 10:00:01
2026/08/31,Bell Bay CCGT,577016,BBGPG,3.885,0.000,0.000,0.000,,,TAS,Regional - TAS,590014,2026/09/01 12:01:01
2026/08/31,Bell Bay GGT,577014,BBGPG,0.000,0.000,0.000,0.000,,,TAS,Regional - TAS,590014,2026/09/01 12:01:01
2026/08/31,Bell Bay OCGT,577015,BBGPG,1.821,0.000,0.000,0.000,,,TAS,Regional - TAS,590014,2026/09/01 12:01:01
2026/08/31,Bellevue,540083,PROD,0.000,176.120,0.000,0.000,,,QLD,Regional - QLD,590001,2026/09/01 10:35:26
2026/08/31,BGP,580020,PIPE,0.321,0.000,0.000,0.000,,,NT,Regional - NT,590017,2026/09/01 12:46:48
2026/08/31,BlueScope,523204,BBLARGE,9.770,0.000,0.000,0.000,,,NSW,Sydney,520008,2026/09/01 12:01:05
2026/08/31,Bolivar,555008,BBGPG,0.000,0.000,0.000,0.000,,,SA,Regional - SA,590013,2026/09/01 12:05:07
2026/08/31,Bomaderry Gas Pipeline,523202,PIPE,21.650,0.000,21.860,0.000,,,NSW,Regional - NSW,590011,2026/09/01 13:40:29
2026/08/31,BPP,530030,PIPE,2.260,20.030,0.000,17.775,,,VIC,Gippsland,590009,2026/09/01 11:00:02
2026/08/31,Braemar 2 Power Station,544085,BBGPG,0.000,0.000,0.000,0.000,,,QLD,Regional - QLD,590001,2026/09/01 12:30:01
2026/08/31,Braemar Power Station,544252,BBGPG,0.035,0.000,0.000,0.000,,,QLD,Regional - QLD,590001,2026/09/01 11:00:53
2026/08/31,BWP,540096,PIPE,0.000,0.000,0.000,9.722,,,QLD,Wallumbilla Hub,540032,2026/09/01 12:46:48
2026/08/31,BWP,540096,PIPE,0.000,14.549,0.000,0.000,,,QLD,Regional - QLD,590001,2026/09/01 12:46:48
2026/08/31,CGP,540059,PIPE,0.000,0.000,71.842,0.000,,,QLD,Ballera,540078,2026/09/01 12:46:48
2026/08/31,CGP,540059,PIPE,71.050,0.000,0.000,0.000,,,QLD,Regional - QLD,590001,2026/09/01 12:46:48
2026/08/31,Channel Island Power Station,580231,BBGPG,20.668,0.000,0.000,0.000,,,NT,Darwin,580001,2026/09/01 12:46:48
2026/08/31,Colongra,523120,BBGPG,0.020,0.000,0.000,0.000,,,NSW,Regional - NSW,590011,2026/09/01 12:00:05
2026/08/31,ColongraGP,520090,PIPE,0.000,0.000,0.000,0.000,,,NSW,Sydney,520008,2026/09/01 12:00:05
2026/08/31,ColongraGP,520090,PIPE,0.020,0.000,0.000,0.000,,,NSW,Regional - NSW,590011,2026/09/01 12:00:05
2026/08/31,Combabula,540094,PROD,0.000,291.584,0.000,0.000,,,QLD,Regional - QLD,590001,2026/09/01 11:30:11
2026/08/31,Condabri Central,540080,PROD,0.000,137.714,0.000,0.000,,,QLD,Regional - QLD,590001,2026/09/01 11:30:11
2026/08/31,Condabri North,540090,PROD,0.000,162.064,0.000,0.000,,,QLD,Regional - QLD,590001,2026/09/01 11:30:11
2026/08/31,Condabri South,540086,PROD,0.000,156.938,0.000,0.000,,,QLD,Regional - QLD,590001,2026/09/01 11:30:11
2026/08/31,Condamine Power Station,544274,BBGPG,0.000,0.000,0.000,0.000,,,QLD,Regional - QLD,590001,2026/09/01 10:35:24
2026/08/31,CRWP,540098,PIPE,0.000,0.000,269.496,0.000,,,QLD,Wallumbilla Hub,540032,2026/09/01 13:13:04
2026/08/31,CRWP,540098,PIPE,0.000,234.081,40.023,548.266,,,QLD,Regional - QLD,590001,2026/09/01 13:13:04
2026/08/31,CWP,520054,PIPE,3.750,0.000,3.451,0.000,,,NSW,Regional - NSW,590011,2026/09/01 12:46:48
2026/08/31,Daandine,540050,PROD,0.000,54.816,0.000,0.000,,,QLD,Regional - QLD,590001,2026/09/01 12:30:01
2026/08/31,Dandenong LNG,530038,STOR,0.000,0.339,0.000,0.000,605.103,27.889,VIC,Melbourne,590008,2026/09/01 12:46:48
2026/08/31,DDP,540097,PIPE,0.000,0.000,0.000,183.912,,,QLD,Wallumbilla Hub,540032,2026/09/01 12:01:12
2026/08/31,DDP,540097,PIPE,0.002,551.615,111.572,485.173,,,QLD,Regional - QLD,590001,2026/09/01 12:01:12
2026/08/31,DDPS,544027,BBGPG,0.002,0.000,0.000,0.000,,,QLD,Regional - QLD,590001,2026/09/01 12:01:12
2026/08/31,Diamantina Power Station,544077,BBGPG,36.651,0.000,0.000,0.000,,,QLD,Regional - QLD,590001,2026/09/01 12:46:48
2026/08/31,Dry Creek Power Station,555026,BBGPG,0.000,0.000,0.000,0.000,,,SA,Regional - SA,590013,2026/09/01 11:31:05
2026/08/31,EGP,520047,PIPE,110.264,0.000,0.000,0.000,,,NSW,Sydney,520008,2026/09/01 12:01:05
2026/08/31,EGP,520047,PIPE,9.997,0.000,0.000,0.000,,,NSW,Canberra,520009,2026/09/01 12:01:05
2026/08/31,EGP,520047,PIPE,0.000,214.634,0.000,99.636,,,VIC,Longford Hub,530015,2026/09/01 12:01:05
2026/08/31,EGP,520047,PIPE,25.654,0.000,0.000,21.860,,,NSW,Regional - NSW,590011,2026/09/01 12:01:05
2026/08/31,EGP,520047,PIPE,0.918,69.028,0.000,0.000,,,VIC,Regional - VIC,590012,2026/09/01 12:01:05
2026/08/31,EO4PL,540055,PIPE,0.000,0.000,0.000,0.000,,,QLD,Regional - QLD,590001,2026/09/01 10:35:26
2026/08/31,Eurombah Creek,540089,PROD,0.000,144.937,0.000,0.000,,,QLD,Regional - QLD,590001,2026/09/01 11:30:11
2026/08/31,Fairview,540070,PROD,0.000,285.099,0.000,0.000,,,QLD,Regional - QLD,590001,2026/09/01 13:13:17
2026/08/31,GLNG (Curtis Island),544276,LNGEXPORT,984.952,0.000,0.000,0.000,,,QLD,Curtis Island,540030,2026/09/01 13:13:04
2026/08/31,GLNG Pipeline,540092,PIPE,984.952,0.000,0.000,0.000,,,QLD,Curtis Island,540030,2026/09/01 13:13:04
2026/08/31,GLNG Pipeline,540092,PIPE,0.000,417.698,560.063,0.000,,,QLD,Regional - QLD,590001,2026/09/01 10:35:26
2026/08/31,Hallett,555029,BBGPG,0.000,0.000,0.000,0.000,,,SA,Regional - SA,590013,2026/09/01 11:31:05
2026/08/31,Hunter Power Station,523210,BBGPG,0.384,0.000,0.000,0.000,,,NSW,Sydney,520008,2026/09/01 12:46:48
2026/08/31,ICF,530071,COMPRESSOR,0.000,0.000,5.800,5.800,,,VIC,Iona Hub,530016,2026/09/01 08:35:03
2026/08/31,Iona UGS,530042,STOR,63.017,47.191,0.000,0.000,12989.068,0.000,VIC,Iona Hub,530016,2026/09/01 08:30:03
2026/08/31,Jeerelang,533161,BBGPG,0.000,0.000,0.000,0.000,,,VIC,Gippsland,590009,2026/09/01 11:00:02
2026/08/31,Jordan,540088,PROD,0.000,298.993,0.000,0.000,,,QLD,Regional - QLD,590001,2026/09/01 10:35:26
2026/08/31,Katherine Power Station,580233,BBGPG,0.000,0.000,0.000,0.000,,,NT,Regional - NT,590017,2026/09/01 12:46:48
2026/08/31,Kenya,540075,PROD,0.000,119.647,0.000,0.000,,,QLD,Regional - QLD,590001,2026/09/01 10:35:26
2026/08/31,Kincora,544253,PROD,0.000,4.000,0.000,0.000,,,QLD,Regional - QLD,590001,2026/09/01 12:46:48
2026/08/31,KKLP,523209,PIPE,0.384,0.000,0.000,0.000,,,NSW,Sydney,520008,2026/09/01 12:46:48
2026/08/31,Kogan North,540061,PROD,0.000,4.315,0.000,0.000,,,QLD,Regional - QLD,590001,2026/09/01 12:46:48
2026/08/31,Ladbroke Grove PS,555086,BBGPG,4.394,0.000,0.000,0.000,,,SA,Regional - SA,590013,2026/09/01 12:46:48
2026/08/31,Lang Lang,530039,PROD,0.000,20.030,0.000,0.000,,,VIC,Gippsland,590009,2026/09/01 11:04:21
2026/08/31,Laverton,533201,BBGPG,0.000,0.000,0.000,0.000,,,VIC,Geelong,590005,2026/09/01 11:00:02
2026/08/31,Longford,530040,PROD,0.000,637.416,0.000,0.000,,,VIC,Longford Hub,530015,2026/09/01 07:58:23
2026/08/31,Loy Yang B,533163,BBGPG,0.000,0.000,0.000,0.000,,,VIC,Gippsland,590009,2026/09/01 11:00:44
2026/08/31,LYB Transmission Pipeline,535023,PIPE,0.038,0.000,0.000,0.000,,,VIC,Gippsland,590009,2026/09/01 11:00:44
2026/08/31,MAPS,550054,PIPE,26.224,0.000,0.000,0.000,,,SA,Adelaide,550016,2026/09/01 11:31:05
2026/08/31,MAPS,550054,PIPE,0.000,38.416,58.631,0.000,,,SA,Moomba Hub,550017,2026/09/01 11:31:05
2026/08/31,MAPS,550054,PIPE,73.877,0.000,15.000,0.000,,,SA,Regional - SA,590013,2026/09/01 11:31:05
2026/08/31,McArthur River Mine,580220,BBGPG,9.126,0.000,0.000,0.000,,,NT,Regional - NT,590017,2026/09/01 09:07:03
2026/08/31,MCF,550050,COMPRESSOR,0.000,0.000,0.000,0.000,,,SA,Moomba Hub,550017,2026/09/01 12:46:48
2026/08/31,Mereenie,580040,PROD,0.000,26.043,0.000,0.000,,,NT,Regional - NT,590017,2026/09/01 12:09:42
2026/08/31,Meridian,540064,PROD,0.000,45.664,0.000,0.000,,,QLD,Regional - QLD,590001,2026/09/01 09:39:04
2026/08/31,Mintaro Power Station,555031,BBGPG,0.000,0.000,0.000,0.000,,,SA,Regional - SA,590013,2026/09/01 11:31:05
2026/08/31,Moomba,550045,PROD,0.000,214.200,0.000,0.000,,,SA,Moomba Hub,550017,2026/09/02 10:00:01
2026/08/31,Moomba Storage,550046,STOR,0.000,0.000,0.000,0.000,6299.600,0.000,SA,Moomba Hub,550017,2026/09/02 10:00:01
2026/08/31,Mortlake PS,530063,BBGPG,20.534,0.000,0.000,0.000,,,VIC,Regional - VIC,590012,2026/09/01 07:20:00
2026/08/31,MPL,530061,PIPE,0.000,0.000,0.033,0.000,,,VIC,Iona Hub,530016,2026/09/01 07:20:00
2026/08/31,MPL,530061,PIPE,20.534,0.000,0.000,0.000,,,VIC,Regional - VIC,590012,2026/09/01 07:20:00
2026/08/31,MRP,580100,PIPE,9.126,0.000,9.127,0.000,,,NT,Regional - NT,590017,2026/09/01 09:07:03
2026/08/31,MSP,520053,PIPE,118.303,0.000,0.000,0.000,,,NSW,Sydney,520008,2026/09/01 12:46:48
2026/08/31,MSP,520053,PIPE,0.000,0.000,117.990,0.500,,,SA,Moomba Hub,550017,2026/09/01 12:46:48
2026/08/31,MSP,520053,PIPE,32.357,0.000,0.000,3.451,,,NSW,Regional - NSW,590011,2026/09/01 12:46:48
2026/08/31,MSP,520053,PIPE,10.956,0.000,0.000,0.000,,,NSW,Regional - ACT,590015,2026/09/01 12:46:48
2026/08/31,MSP,520053,PIPE,0.000,0.000,163.776,0.000,,,NSW,Culcairn,590016,2026/09/01 12:46:48
2026/08/31,Newport,533171,BBGPG,0.002,0.000,0.000,0.000,,,VIC,Melbourne,590008,2026/09/01 11:00:02
2026/08/31,NGP,580050,PIPE,0.000,0.000,0.000,0.000,,,QLD,Regional - QLD,590001,2026/09/01 12:01:16
2026/08/31,NGP,580050,PIPE,0.000,0.000,0.000,0.000,,,NT,Regional - NT,590017,2026/09/01 12:01:16
2026/08/31,NGS,520060,STOR,0.110,0.598,0.000,0.000,666.596,76.810,NSW,Sydney,520008,2026/09/01 08:04:39
2026/08/31,Oakey PS,544095,BBGPG,0.002,0.000,0.000,0.000,,,QLD,Regional - QLD,590001,2026/09/01 12:46:48
2026/08/31,Orana,540084,PROD,0.000,166.716,0.000,0.000,,,QLD,Regional - QLD,590001,2026/09/01 11:30:11
2026/08/31,Orbost,530041,PROD,0.000,69.028,0.000,0.000,,,VIC,Regional - VIC,590012,2026/09/01 12:01:05
2026/08/31,Orica,544011,BBLARGE,9.543,0.000,0.000,0.000,,,QLD,Regional - QLD,590001,2026/09/01 12:01:09
2026/08/31,Orica (Kooragang Island),523206,BBLARGE,31.603,0.000,0.000,0.000,,,NSW,Sydney,520008,2026/09/01 13:00:00
2026/08/31,Osborne,555033,BBGPG,3.999,0.000,0.000,0.000,,,SA,Regional - SA,590013,2026/09/01 11:31:05
2026/08/31,Otway,530044,PROD,0.000,175.099,0.000,0.000,,,VIC,Iona Hub,530016,2026/09/01 11:02:15
2026/08/31,Owen Springs Power Station,580235,BBGPG,3.287,0.000,0.000,0.000,,,NT,Regional - NT,590017,2026/09/01 06:41:02
2026/08/31,Palm Valley,580060,PROD,0.000,5.625,0.000,0.000,,,NT,Regional - NT,590017,2026/09/01 12:09:42
2026/08/31,PCA,550052,PIPE,0.000,11.231,31.836,2.021,,,VIC,Iona Hub,530016,2026/09/01 07:20:01
2026/08/31,PCA,550052,PIPE,28.597,0.000,0.000,0.000,,,SA,Adelaide,550016,2026/09/01 07:20:01
2026/08/31,PCA,550052,PIPE,0.000,0.000,0.000,11.407,,,VIC,Regional - VIC,590012,2026/09/01 07:20:01
2026/08/31,PCA,550052,PIPE,3.541,0.000,0.000,15.007,,,SA,Regional - SA,590013,2026/09/01 07:20:01
2026/08/31,PCI,530060,PIPE,0.000,186.027,2.021,188.048,,,VIC,Iona Hub,530016,2026/09/01 07:20:01
2026/08/31,Peat,540065,PROD,0.000,11.369,0.000,0.000,,,QLD,Regional - QLD,590001,2026/09/01 11:30:11
2026/08/31,Pelican Point Power Station,555089,BBGPG,20.609,0.000,0.000,0.000,,,SA,Regional - SA,590013,2026/09/01 07:20:01
2026/08/31,Phosphate Hill,544081,BBLARGE,24.096,0.000,0.000,0.000,,,QLD,Regional - QLD,590001,2026/09/01 12:46:48
2026/08/31,Pipeline Compression Station,544279,COMPRESSOR,0.000,0.000,0.000,0.000,,,QLD,Regional - QLD,590001,2026/09/01 13:13:04
2026/08/31,PVP,580070,PIPE,3.757,0.000,4.506,0.000,,,NT,Regional - NT,590017,2026/09/01 06:41:02
2026/08/31,QCLNG LNG Plant,544272,LNGEXPORT,1469.826,0.000,0.000,0.000,,,QLD,Curtis Island,540030,2026/09/01 10:35:26
2026/08/31,QGP,540058,PIPE,0.000,0.000,6.711,0.000,,,QLD,Wallumbilla Hub,540032,2026/09/01 12:01:09
2026/08/31,QGP,540058,PIPE,103.848,25.077,76.886,0.001,,,QLD,Regional - QLD,590001,2026/09/01 12:01:09
2026/08/31,Quarantine Power Station,555087,BBGPG,3.616,0.000,0.000,0.000,,,SA,Regional - SA,590013,2026/09/01 11:31:05
2026/08/31,Queensland Aluminia,544012,BBLARGE,27.900,0.000,0.000,0.000,,,QLD,Regional - QLD,590001,2026/09/01 12:01:09
2026/08/31,RBP,540057,PIPE,0.000,0.000,0.000,17.588,,,QLD,Wallumbilla Hub,540032,2026/09/01 12:46:48
2026/08/31,RBP,540057,PIPE,3.874,28.894,48.784,4.017,,,QLD,Regional - QLD,590001,2026/09/01 12:46:48
2026/08/31,RBP,540057,PIPE,51.410,0.000,0.000,0.000,,,QLD,Brisbane,590002,2026/09/01 12:46:48
2026/08/31,RCWP,540102,PIPE,0.000,0.000,0.000,44.057,,,QLD,Wallumbilla Hub,540032,2026/09/01 12:46:48
2026/08/31,RCWP,540102,PIPE,0.000,0.000,36.964,0.000,,,QLD,Regional - QLD,590001,2026/09/01 12:46:48
2026/08/31,Reedy Creek,540085,PROD,0.000,198.695,0.000,0.000,,,QLD,Regional - QLD,590001,2026/09/01 11:30:11
2026/08/31,RMNGPF,640011,PROD,0.000,16.920,0.000,0.000,,,QLD,Regional - QLD,590001,2026/09/01 10:28:16
2026/08/31,RNMGP,640012,PIPE,0.000,16.920,0.000,16.920,,,QLD,Regional - QLD,590001,2026/09/01 10:28:16
2026/08/31,RNP,640009,PIPE,0.000,23.103,0.000,23.103,,,QLD,Regional - QLD,590001,2026/09/01 12:01:10
2026/08/31,Rolleston,540073,PROD,0.000,9.005,0.000,0.000,,,QLD,Regional - QLD,590001,2026/09/01 12:01:09
2026/08/31,Roma,540095,PROD,0.000,234.081,0.000,0.000,,,QLD,Regional - QLD,590001,2026/09/01 13:13:22
2026/08/31,Roma North,544260,PROD,0.000,23.103,0.000,0.000,,,QLD,Regional - QLD,590001,2026/09/01 12:01:17
2026/08/31,Roma Power Station,540120,BBGPG,0.000,0.000,0.000,0.000,,,QLD,Regional - QLD,590001,2026/09/01 11:48:58
2026/08/31,Ron Goodin Power Station,580234,BBGPG,0.000,0.000,0.000,0.000,,,NT,Regional - NT,590017,2026/09/01 06:41:02
2026/08/31,RPL,540110,PIPE,0.052,0.000,0.000,0.000,,,QLD,Regional - QLD,590001,2026/09/01 11:48:58
2026/08/31,Ruby Jo,540082,PROD,0.000,424.111,0.000,0.000,,,QLD,Regional - QLD,590001,2026/09/01 10:35:26
2026/08/31,RUGS,540040,STOR,0.000,3.930,0.000,0.000,15129.664,0.000,QLD,Regional - QLD,590001,2026/09/01 13:13:22
2026/08/31,Scotia,540072,PROD,0.000,100.985,0.000,0.000,,,QLD,Regional - QLD,590001,2026/09/01 13:13:22
2026/08/31,SEPS,550061,PIPE,6.922,0.000,6.920,0.000,,,SA,Regional - SA,590013,2026/09/01 11:32:05
2026/08/31,SESA,550060,PIPE,0.000,0.000,11.408,0.000,,,VIC,Regional - VIC,590012,2026/09/01 12:46:48
2026/08/31,SESA,550060,PIPE,4.394,0.000,0.000,6.916,,,SA,Regional - SA,590013,2026/09/01 12:46:48
2026/08/31,Shoalhaven Starches Cogeneration Plant,523203,BBLARGE,21.650,0.000,0.000,0.000,,,NSW,Regional - NSW,590011,2026/09/01 13:40:29
2026/08/31,Smithfield Energy Facility,522004,BBGPG,0.000,0.000,0.000,0.000,,,NSW,Regional - NSW,590011,2026/09/01 12:05:15
2026/08/31,Snapper Point,555090,BBGPG,0.000,0.000,0.000,0.000,,,SA,Regional - SA,590013,2026/09/01 11:31:05
2026/08/31,Somerton,533174,BBGPG,6.161,0.000,0.000,0.000,,,VIC,Melbourne,590008,2026/09/01 11:00:02
2026/08/31,Spring Gully,540066,PROD,0.000,55.033,0.000,0.000,,,QLD,Regional - QLD,590001,2026/09/01 11:30:11
2026/08/31,SSP,540103,PIPE,0.000,7.550,0.000,7.550,,,QLD,Regional - QLD,590001,2026/09/01 09:28:00
2026/08/31,SSSF,540062,STOR,0.000,6.300,0.000,0.000,8475.142,0.000,QLD,Regional - QLD,590001,2026/09/01 09:28:00
2026/08/31,Strathblane,540067,PROD,0.000,47.317,0.000,0.000,,,QLD,Regional - QLD,590001,2026/09/01 11:30:11
2026/08/31,Swanbank Power Station,544104,BBGPG,0.000,0.000,0.000,0.000,,,QLD,Brisbane,590002,2026/09/01 12:46:48
2026/08/31,SWQP,540060,PIPE,0.000,0.000,255.280,276.207,,,QLD,Wallumbilla Hub,540032,2026/09/01 12:46:48
2026/08/31,SWQP,540060,PIPE,0.000,0.000,0.000,76.837,,,QLD,Ballera,540078,2026/09/01 12:46:48
2026/08/31,SWQP,540060,PIPE,0.000,175.831,0.000,176.121,,,SA,Moomba Hub,550017,2026/09/01 12:46:48
2026/08/31,SWQP,540060,PIPE,0.153,0.000,0.000,0.000,,,QLD,Regional - QLD,590001,2026/09/01 12:46:48
2026/08/31,Talinga,540076,PROD,0.000,78.981,0.000,0.000,,,QLD,Regional - QLD,590001,2026/09/01 11:30:11
2026/08/31,Tallawarra,522002,BBGPG,20.525,0.000,0.000,0.000,,,NSW,Regional - NSW,590011,2026/09/01 11:00:10
2026/08/31,Tallawarra Pipeline,523201,PIPE,20.525,0.000,20.525,0.000,,,NSW,Regional - NSW,590011,2026/09/01 11:00:10
2026/08/31,Taloona,540068,PROD,0.000,39.546,0.000,0.000,,,QLD,Regional - QLD,590001,2026/09/01 11:30:11
2026/08/31,Tanami GP,580210,PIPE,8.667,0.000,8.740,0.000,,,NT,Regional - NT,590017,2026/09/01 12:02:00
2026/08/31,TGP,570050,PIPE,0.000,0.000,74.693,35.968,,,VIC,Longford Hub,530015,2026/09/01 12:01:01
2026/08/31,TGP,570050,PIPE,22.882,0.000,0.000,0.000,,,TAS,Regional - TAS,590014,2026/09/01 12:01:01
2026/08/31,Tipton,540051,PROD,0.000,41.089,0.000,0.000,,,QLD,Regional - QLD,590001,2026/09/01 12:30:01
2026/08/31,Torrens Island PS,555041,BBGPG,23.748,0.000,0.000,0.000,,,SA,Regional - SA,590013,2026/09/01 11:31:05
2026/08/31,Uranquinty Power Station,522047,BBGPG,0.000,0.000,0.000,0.000,,,NSW,Regional - NSW,590011,2026/09/01 12:46:48
2026/08/31,Valley Power GPG,535024,BBGPG,0.038,0.000,0.000,0.000,,,VIC,Gippsland,590009,2026/09/01 11:00:44
2026/08/31,VicHub,532005,PIPE,0.000,0.000,24.944,24.944,,,VIC,Longford Hub,530015,2026/09/01 12:01:19
2026/08/31,Viva Energy Refinery,535018,BBLARGE,8.699,0.000,0.000,0.000,,,VIC,Geelong,590005,2026/09/01 07:30:13
2026/08/31,VTS,530110,PIPE,0.000,420.778,60.928,0.000,,,VIC,Longford Hub,530015,2026/09/01 11:00:02
2026/08/31,VTS,530110,PIPE,30.265,8.728,156.178,0.000,,,VIC,Iona Hub,530016,2026/09/01 11:00:02
2026/08/31,VTS,530110,PIPE,11.509,0.000,0.000,0.000,,,VIC,Western,590004,2026/09/01 11:00:02
2026/08/31,VTS,530110,PIPE,54.225,0.000,0.000,0.000,,,VIC,Geelong,590005,2026/09/01 11:00:02
2026/08/31,VTS,530110,PIPE,27.711,0.000,0.000,0.000,,,VIC,Ballarat,590006,2026/09/01 11:00:02
2026/08/31,VTS,530110,PIPE,47.519,0.000,0.000,0.000,,,VIC,Northern,590007,2026/09/01 11:00:02
2026/08/31,VTS,530110,PIPE,297.344,0.556,0.000,0.000,,,VIC,Melbourne,590008,2026/09/01 11:00:02
2026/08/31,VTS,530110,PIPE,33.094,0.000,17.775,0.000,,,VIC,Gippsland,590009,2026/09/01 11:00:02
2026/08/31,VTS,530110,PIPE,0.000,0.000,0.000,163.775,,,NSW,Culcairn,590016,2026/09/01 11:00:02
2026/08/31,Wallumbilla Compression Station,544280,COMPRESSOR,0.000,0.000,0.000,0.000,,,QLD,Wallumbilla Hub,540032,2026/09/01 13:13:04
2026/08/31,WCFA,540045,COMPRESSOR,0.000,0.000,105.657,105.657,,,QLD,Wallumbilla Hub,540032,2026/09/01 12:46:48
2026/08/31,WCFB,540046,COMPRESSOR,0.000,0.000,170.550,170.550,,,QLD,Wallumbilla Hub,540032,2026/09/01 12:46:48
2026/08/31,Weddell Power Station,580232,BBGPG,12.143,0.000,0.000,0.000,,,NT,Darwin,580001,2026/09/01 12:46:48
2026/08/31,WGP,540091,PIPE,1469.826,0.000,0.000,0.000,,,QLD,Curtis Island,540030,2026/09/01 10:35:26
2026/08/31,WGP,540091,PIPE,0.000,1413.363,60.668,0.000,,,QLD,Regional - QLD,590001,2026/09/01 10:35:26
2026/08/31,Whyalla Steelworks,555085,BBLARGE,7.357,0.000,0.000,0.000,,,SA,Regional - SA,590013,2026/09/01 11:31:05
2026/08/31,Windibri,540069,PROD,0.000,93.343,0.000,0.000,,,QLD,Regional - QLD,590001,2026/09/01 10:35:26
2026/08/31,Woleebee Creek,540087,PROD,0.000,642.463,0.000,0.000,,,QLD,Regional - QLD,590001,2026/09/01 10:35:26
2026/08/31,WPP,580030,PIPE,12.143,29.115,0.000,16.994,,,NT,Darwin,580001,2026/09/01 12:46:48
2026/08/31,Yarwun,544282,BBGPG,49.711,0.000,0.000,0.000,,,QLD,Regional - QLD,590001,2026/09/01 12:01:09
2026/08/31,Yelcherr,580180,PROD,0.000,0.000,0.000,0.000,,,NT,Regional - NT,590017,2026/09/01 12:46:48
2026/08/31,Yellowbank,540074,PROD,0.000,11.822,0.000,0.000,,,QLD,Regional - QLD,590001,2026/09/01 12:01:09
2026/09/01,B1PL,540077,PIPE,0.000,0.000,0.000,0.000,,,QLD,Regional - QLD,590001,2026/09/02 10:18:51
2026/09/01,B2PL,540071,PIPE,0.000,54.528,0.000,56.666,,,QLD,Regional - QLD,590001,2026/09/02 10:18:51
2026/09/01,BCF,540047,COMPRESSOR,0.000,0.000,73.100,73.100,,,QLD,Regional - QLD,590001,2026/09/02 10:00:01
2026/09/01,BPP,530030,PIPE,2.330,19.000,0.000,0.000,,,VIC,Gippsland,590009,2026/09/02 09:30:46
2026/09/01,Braemar 2 Power Station,544085,BBGPG,0.000,0.000,0.000,0.000,,,QLD,Regional - QLD,590001,2026/09/02 10:18:51
2026/09/01,CRWP,540098,PIPE,0.000,0.000,17.010,0.000,,,QLD,Regional - QLD,590001,2026/09/02 08:56:29
2026/09/01,Daandine,540050,PROD,0.000,54.528,0.000,0.000,,,QLD,Regional - QLD,590001,2026/09/02 10:18:57
2026/09/01,ICF,530071,COMPRESSOR,0.000,0.000,11.000,11.000,,,VIC,Iona Hub,530016,2026/09/02 08:35:03
2026/09/01,Iona UGS,530042,STOR,87.775,13.502,0.000,0.000,13063.341,0.000,VIC,Iona Hub,530016,2026/09/02 08:30:04
2026/09/01,Lang Lang,530039,PROD,0.000,19.000,0.000,0.000,,,VIC,Gippsland,590009,2026/09/02 09:29:33
2026/09/01,Longford,530040,PROD,0.000,627.667,0.000,0.000,,,VIC,Longford Hub,530015,2026/09/02 08:41:50
2026/09/01,Loy Yang B,533163,BBGPG,0.000,0.000,0.000,0.000,,,VIC,Gippsland,590009,2026/09/02 09:00:50
2026/09/01,LYB Transmission Pipeline,535023,PIPE,0.030,0.000,0.000,0.000,,,VIC,Gippsland,590009,2026/09/02 09:00:50
2026/09/01,McArthur River Mine,580220,BBGPG,8.370,0.000,0.000,0.000,,,NT,Regional - NT,590017,2026/09/02 09:07:03
2026/09/01,Meridian,540064,PROD,0.000,47.820,0.000,0.000,,,QLD,Regional - QLD,590001,2026/09/02 09:39:17
2026/09/01,Moomba,550045,PROD,0.000,225.200,0.000,0.000,,,SA,Moomba Hub,550017,2026/09/02 10:00:01
2026/09/01,Moomba Storage,550046,STOR,0.000,0.000,0.000,0.000,6299.600,0.000,SA,Moomba Hub,550017,2026/09/02 10:00:01
2026/09/01,Mortlake PS,530063,BBGPG,0.000,0.000,0.000,0.000,,,VIC,Regional - VIC,590012,2026/09/02 07:20:00
2026/09/01,MPL,530061,PIPE,0.000,0.000,0.000,0.000,,,VIC,Iona Hub,530016,2026/09/02 07:20:00
2026/09/01,MPL,530061,PIPE,0.000,0.000,0.000,0.000,,,VIC,Regional - VIC,590012,2026/09/02 07:20:00
2026/09/01,MRP,580100,PIPE,8.370,0.000,0.000,0.000,,,NT,Regional - NT,590017,2026/09/02 09:07:03
2026/09/01,NGS,520060,STOR,0.100,0.907,0.000,0.000,665.415,76.810,NSW,Sydney,520008,2026/09/02 07:22:11
2026/09/01,Owen Springs Power Station,580235,BBGPG,3.305,0.000,0.000,0.000,,,NT,Regional - NT,590017,2026/09/02 06:41:03
2026/09/01,PCA,550052,PIPE,0.000,17.043,47.908,2.043,,,VIC,Iona Hub,530016,2026/09/02 07:20:01
2026/09/01,PCA,550052,PIPE,28.023,0.000,0.000,0.000,,,SA,Adelaide,550016,2026/09/02 07:20:01
2026/09/01,PCA,550052,PIPE,0.000,0.000,0.000,15.699,,,VIC,Regional - VIC,590012,2026/09/02 07:20:01
2026/09/01,PCA,550052,PIPE,4.512,0.000,0.000,25.008,,,SA,Regional - SA,590013,2026/09/02 07:20:01
2026/09/01,PCI,530060,PIPE,0.000,180.348,2.043,182.391,,,VIC,Iona Hub,530016,2026/09/02 07:20:01
2026/09/01,Pelican Point Power Station,555089,BBGPG,0.000,0.000,0.000,0.000,,,SA,Regional - SA,590013,2026/09/02 07:20:01
2026/09/01,PVP,580070,PIPE,3.736,0.000,0.000,0.000,,,NT,Regional - NT,590017,2026/09/02 06:41:03
2026/09/01,Quarantine Power Station,555087,BBGPG,3.817,0.000,0.000,0.000,,,SA,Regional - SA,590013,2026/09/02 07:20:01
2026/09/01,RMNGPF,640011,PROD,0.000,17.010,0.000,0.000,,,QLD,Regional - QLD,590001,2026/09/02 08:56:29
2026/09/01,RNMGP,640012,PIPE,0.000,17.010,0.000,17.010,,,QLD,Regional - QLD,590001,2026/09/02 08:56:29
2026/09/01,Ron Goodin Power Station,580234,BBGPG,0.000,0.000,0.000,0.000,,,NT,Regional - NT,590017,2026/09/02 06:41:03
2026/09/01,Tipton,540051,PROD,0.000,38.553,0.000,0.000,,,QLD,Regional - QLD,590001,2026/09/02 10:18:51
2026/09/01,Torrens Island PS,555041,BBGPG,0.000,0.000,0.000,0.000,,,SA,Regional - SA,590013,2026/09/02 07:20:01
2026/09/01,Valley Power GPG,535024,BBGPG,0.030,0.000,0.000,0.000,,,VIC,Gippsland,590009,2026/09/02 09:00:50
2026/09/01,Viva Energy Refinery,535018,BBLARGE,6.306,0.000,0.000,0.000,,,VIC,Geelong,590005,2026/09/02 07:30:16
